function eqs = retrieve_eqs(a1,a2,a3,a4,c1,c2,c3,c4,c5,c6,c7,c8,c9,c10,c11,c12,c13,c14,c15,c16,c17,c18,c19,c20,c21,c22,c23,c24,c25,c26,c27,c28,c29,c30,c31,c32,c33,c34,c35,c36,c37,c38,c39,c40,c41,c42,c43,c44,c45,c46,c47,c48,c49,c50,c51,c52,c53,c54,c55,c56,c57,c58,c59,c60,c61,c62,c63,c64,c65,c66,c67,c68,c69,c70,c71,c72,c73,c74,c75,c76,c77,c78,c79,c80,c81,c82,c83,c84,c85,c86,c87,c88,c89,c90,c91,c92,c93,c94,c95,c96,c97,c98,c99,c100,c101,c102,c103,c104,c105,c106,c107,c108,c109,c110,c111,c112,c113,c114,c115,c116,c117,c118,c119,c120,c121,c122,c123,c124,c125,c126,c127,c128,c129,c130,c131,c132,c133,c134,c135,c136,c137,c138,c139,c140,c141,c142,c143,c144,c145,c146,c147,c148,c149,c150,c151,c152,c153,c154,c155,c156,c157,c158,c159,c160,c161,c162,c163,c164,c165,c166,c167,c168,c169,c170,c171,c172,c173,c174,c175,c176,c177,c178,c179,c180,c181,c182,c183,c184,c185,c186,c187,c188,c189,c190,c191,c192,c193,c194,c195,c196,c197,c198,c199,c200,c201,c202,c203,c204,c205,c206,c207,c208,c209,c210,c211,c212,c213,c214,c215,c216,c217,c218,c219,c220) 
eqs(1) = 4*a1^3*c21^2 + 4*a1^3*c22^2 + 4*a1^3*c23^2 + 4*a1^3*c24^2 + 4*a1^3*c25^2 + 4*a1^3*c26^2 + 4*a1^3*c27^2 + 4*a1^3*c28^2 + 4*a1^3*c29^2 + 4*a1^3*c30^2 + 4*a1^3*c31^2 + 4*a1^3*c32^2 + 4*a1^3*c33^2 + 4*a1^3*c34^2 + 4*a1^3*c35^2 + 4*a1^3*c36^2 + 4*a1^3*c37^2 + 4*a1^3*c38^2 + 4*a1^3*c39^2 + 4*a1^3*c40^2 + 6*a1^2*a2*c21*c41 + 6*a1^2*a2*c22*c42 + 6*a1^2*a2*c23*c43 + 6*a1^2*a2*c24*c44 + 6*a1^2*a2*c25*c45 + 6*a1^2*a2*c26*c46 + 6*a1^2*a2*c27*c47 + 6*a1^2*a2*c28*c48 + 6*a1^2*a2*c29*c49 + 6*a1^2*a2*c30*c50 + 6*a1^2*a2*c31*c51 + 6*a1^2*a2*c32*c52 + 6*a1^2*a2*c33*c53 + 6*a1^2*a2*c34*c54 + 6*a1^2*a2*c35*c55 + 6*a1^2*a2*c36*c56 + 6*a1^2*a2*c37*c57 + 6*a1^2*a2*c38*c58 + 6*a1^2*a2*c39*c59 + 6*a1^2*a2*c40*c60 + 6*a1^2*a3*c21*c61 + 6*a1^2*a3*c22*c62 + 6*a1^2*a3*c23*c63 + 6*a1^2*a3*c24*c64 + 6*a1^2*a3*c25*c65 + 6*a1^2*a3*c26*c66 + 6*a1^2*a3*c27*c67 + 6*a1^2*a3*c28*c68 + 6*a1^2*a3*c29*c69 + 6*a1^2*a3*c30*c70 + 6*a1^2*a3*c31*c71 + 6*a1^2*a3*c32*c72 + 6*a1^2*a3*c33*c73 + 6*a1^2*a3*c34*c74 + 6*a1^2*a3*c35*c75 + 6*a1^2*a3*c36*c76 + 6*a1^2*a3*c37*c77 + 6*a1^2*a3*c38*c78 + 6*a1^2*a3*c39*c79 + 6*a1^2*a3*c40*c80 + 6*a1^2*a4*c21*c81 + 6*a1^2*a4*c22*c82 + 6*a1^2*a4*c23*c83 + 6*a1^2*a4*c24*c84 + 6*a1^2*a4*c25*c85 + 6*a1^2*a4*c26*c86 + 6*a1^2*a4*c27*c87 + 6*a1^2*a4*c28*c88 + 6*a1^2*a4*c29*c89 + 6*a1^2*a4*c30*c90 + 6*a1^2*a4*c31*c91 + 6*a1^2*a4*c32*c92 + 6*a1^2*a4*c33*c93 + 6*a1^2*a4*c34*c94 + 6*a1^2*a4*c35*c95 + 6*a1^2*a4*c36*c96 + 6*a1^2*a4*c37*c97 + 6*a1^2*a4*c38*c98 + 6*a1^2*a4*c39*c99 + 6*a1^2*a4*c40*c100 + 4*a1*a2^2*c21*c101 + 4*a1*a2^2*c22*c102 + 4*a1*a2^2*c23*c103 + 4*a1*a2^2*c24*c104 + 4*a1*a2^2*c25*c105 + 4*a1*a2^2*c26*c106 + 4*a1*a2^2*c27*c107 + 4*a1*a2^2*c28*c108 + 4*a1*a2^2*c29*c109 + 4*a1*a2^2*c30*c110 + 4*a1*a2^2*c31*c111 + 4*a1*a2^2*c32*c112 + 4*a1*a2^2*c33*c113 + 4*a1*a2^2*c34*c114 + 4*a1*a2^2*c35*c115 + 4*a1*a2^2*c36*c116 + 4*a1*a2^2*c37*c117 + 4*a1*a2^2*c38*c118 + 4*a1*a2^2*c39*c119 + 4*a1*a2^2*c40*c120 + 2*a1*a2^2*c41^2 + 2*a1*a2^2*c42^2 + 2*a1*a2^2*c43^2 + 2*a1*a2^2*c44^2 + 2*a1*a2^2*c45^2 + 2*a1*a2^2*c46^2 + 2*a1*a2^2*c47^2 + 2*a1*a2^2*c48^2 + 2*a1*a2^2*c49^2 + 2*a1*a2^2*c50^2 + 2*a1*a2^2*c51^2 + 2*a1*a2^2*c52^2 + 2*a1*a2^2*c53^2 + 2*a1*a2^2*c54^2 + 2*a1*a2^2*c55^2 + 2*a1*a2^2*c56^2 + 2*a1*a2^2*c57^2 + 2*a1*a2^2*c58^2 + 2*a1*a2^2*c59^2 + 2*a1*a2^2*c60^2 + 4*a1*a2*a3*c21*c121 + 4*a1*a2*a3*c22*c122 + 4*a1*a2*a3*c23*c123 + 4*a1*a2*a3*c24*c124 + 4*a1*a2*a3*c25*c125 + 4*a1*a2*a3*c26*c126 + 4*a1*a2*a3*c27*c127 + 4*a1*a2*a3*c28*c128 + 4*a1*a2*a3*c29*c129 + 4*a1*a2*a3*c30*c130 + 4*a1*a2*a3*c31*c131 + 4*a1*a2*a3*c32*c132 + 4*a1*a2*a3*c33*c133 + 4*a1*a2*a3*c34*c134 + 4*a1*a2*a3*c35*c135 + 4*a1*a2*a3*c36*c136 + 4*a1*a2*a3*c37*c137 + 4*a1*a2*a3*c38*c138 + 4*a1*a2*a3*c39*c139 + 4*a1*a2*a3*c40*c140 + 4*a1*a2*a3*c41*c61 + 4*a1*a2*a3*c42*c62 + 4*a1*a2*a3*c43*c63 + 4*a1*a2*a3*c44*c64 + 4*a1*a2*a3*c45*c65 + 4*a1*a2*a3*c46*c66 + 4*a1*a2*a3*c47*c67 + 4*a1*a2*a3*c48*c68 + 4*a1*a2*a3*c49*c69 + 4*a1*a2*a3*c50*c70 + 4*a1*a2*a3*c51*c71 + 4*a1*a2*a3*c52*c72 + 4*a1*a2*a3*c53*c73 + 4*a1*a2*a3*c54*c74 + 4*a1*a2*a3*c55*c75 + 4*a1*a2*a3*c56*c76 + 4*a1*a2*a3*c57*c77 + 4*a1*a2*a3*c58*c78 + 4*a1*a2*a3*c59*c79 + 4*a1*a2*a3*c60*c80 + 4*a1*a2*a4*c21*c141 + 4*a1*a2*a4*c22*c142 + 4*a1*a2*a4*c23*c143 + 4*a1*a2*a4*c24*c144 + 4*a1*a2*a4*c25*c145 + 4*a1*a2*a4*c26*c146 + 4*a1*a2*a4*c27*c147 + 4*a1*a2*a4*c28*c148 + 4*a1*a2*a4*c29*c149 + 4*a1*a2*a4*c30*c150 + 4*a1*a2*a4*c31*c151 + 4*a1*a2*a4*c32*c152 + 4*a1*a2*a4*c33*c153 + 4*a1*a2*a4*c34*c154 + 4*a1*a2*a4*c35*c155 + 4*a1*a2*a4*c36*c156 + 4*a1*a2*a4*c37*c157 + 4*a1*a2*a4*c38*c158 + 4*a1*a2*a4*c39*c159 + 4*a1*a2*a4*c40*c160 + 4*a1*a2*a4*c41*c81 + 4*a1*a2*a4*c42*c82 + 4*a1*a2*a4*c43*c83 + 4*a1*a2*a4*c44*c84 + 4*a1*a2*a4*c45*c85 + 4*a1*a2*a4*c46*c86 + 4*a1*a2*a4*c47*c87 + 4*a1*a2*a4*c48*c88 + 4*a1*a2*a4*c49*c89 + 4*a1*a2*a4*c50*c90 + 4*a1*a2*a4*c51*c91 + 4*a1*a2*a4*c52*c92 + 4*a1*a2*a4*c53*c93 + 4*a1*a2*a4*c54*c94 + 4*a1*a2*a4*c55*c95 + 4*a1*a2*a4*c56*c96 + 4*a1*a2*a4*c57*c97 + 4*a1*a2*a4*c58*c98 + 4*a1*a2*a4*c59*c99 + 4*a1*a2*a4*c60*c100 + 4*a1*a3^2*c21*c161 + 4*a1*a3^2*c22*c162 + 4*a1*a3^2*c23*c163 + 4*a1*a3^2*c24*c164 + 4*a1*a3^2*c25*c165 + 4*a1*a3^2*c26*c166 + 4*a1*a3^2*c27*c167 + 4*a1*a3^2*c28*c168 + 4*a1*a3^2*c29*c169 + 4*a1*a3^2*c30*c170 + 4*a1*a3^2*c31*c171 + 4*a1*a3^2*c32*c172 + 4*a1*a3^2*c33*c173 + 4*a1*a3^2*c34*c174 + 4*a1*a3^2*c35*c175 + 4*a1*a3^2*c36*c176 + 4*a1*a3^2*c37*c177 + 4*a1*a3^2*c38*c178 + 4*a1*a3^2*c39*c179 + 4*a1*a3^2*c40*c180 + 2*a1*a3^2*c61^2 + 2*a1*a3^2*c62^2 + 2*a1*a3^2*c63^2 + 2*a1*a3^2*c64^2 + 2*a1*a3^2*c65^2 + 2*a1*a3^2*c66^2 + 2*a1*a3^2*c67^2 + 2*a1*a3^2*c68^2 + 2*a1*a3^2*c69^2 + 2*a1*a3^2*c70^2 + 2*a1*a3^2*c71^2 + 2*a1*a3^2*c72^2 + 2*a1*a3^2*c73^2 + 2*a1*a3^2*c74^2 + 2*a1*a3^2*c75^2 + 2*a1*a3^2*c76^2 + 2*a1*a3^2*c77^2 + 2*a1*a3^2*c78^2 + 2*a1*a3^2*c79^2 + 2*a1*a3^2*c80^2 + 4*a1*a3*a4*c21*c181 + 4*a1*a3*a4*c22*c182 + 4*a1*a3*a4*c23*c183 + 4*a1*a3*a4*c24*c184 + 4*a1*a3*a4*c25*c185 + 4*a1*a3*a4*c26*c186 + 4*a1*a3*a4*c27*c187 + 4*a1*a3*a4*c28*c188 + 4*a1*a3*a4*c29*c189 + 4*a1*a3*a4*c30*c190 + 4*a1*a3*a4*c31*c191 + 4*a1*a3*a4*c32*c192 + 4*a1*a3*a4*c33*c193 + 4*a1*a3*a4*c34*c194 + 4*a1*a3*a4*c35*c195 + 4*a1*a3*a4*c36*c196 + 4*a1*a3*a4*c37*c197 + 4*a1*a3*a4*c38*c198 + 4*a1*a3*a4*c39*c199 + 4*a1*a3*a4*c40*c200 + 4*a1*a3*a4*c61*c81 + 4*a1*a3*a4*c62*c82 + 4*a1*a3*a4*c63*c83 + 4*a1*a3*a4*c64*c84 + 4*a1*a3*a4*c65*c85 + 4*a1*a3*a4*c66*c86 + 4*a1*a3*a4*c67*c87 + 4*a1*a3*a4*c68*c88 + 4*a1*a3*a4*c69*c89 + 4*a1*a3*a4*c70*c90 + 4*a1*a3*a4*c71*c91 + 4*a1*a3*a4*c72*c92 + 4*a1*a3*a4*c73*c93 + 4*a1*a3*a4*c74*c94 + 4*a1*a3*a4*c75*c95 + 4*a1*a3*a4*c76*c96 + 4*a1*a3*a4*c77*c97 + 4*a1*a3*a4*c78*c98 + 4*a1*a3*a4*c79*c99 + 4*a1*a3*a4*c80*c100 + 4*a1*a4^2*c21*c201 + 4*a1*a4^2*c22*c202 + 4*a1*a4^2*c23*c203 + 4*a1*a4^2*c24*c204 + 4*a1*a4^2*c25*c205 + 4*a1*a4^2*c26*c206 + 4*a1*a4^2*c27*c207 + 4*a1*a4^2*c28*c208 + 4*a1*a4^2*c29*c209 + 4*a1*a4^2*c30*c210 + 4*a1*a4^2*c31*c211 + 4*a1*a4^2*c32*c212 + 4*a1*a4^2*c33*c213 + 4*a1*a4^2*c34*c214 + 4*a1*a4^2*c35*c215 + 4*a1*a4^2*c36*c216 + 4*a1*a4^2*c37*c217 + 4*a1*a4^2*c38*c218 + 4*a1*a4^2*c39*c219 + 4*a1*a4^2*c40*c220 + 2*a1*a4^2*c81^2 + 2*a1*a4^2*c82^2 + 2*a1*a4^2*c83^2 + 2*a1*a4^2*c84^2 + 2*a1*a4^2*c85^2 + 2*a1*a4^2*c86^2 + 2*a1*a4^2*c87^2 + 2*a1*a4^2*c88^2 + 2*a1*a4^2*c89^2 + 2*a1*a4^2*c90^2 + 2*a1*a4^2*c91^2 + 2*a1*a4^2*c92^2 + 2*a1*a4^2*c93^2 + 2*a1*a4^2*c94^2 + 2*a1*a4^2*c95^2 + 2*a1*a4^2*c96^2 + 2*a1*a4^2*c97^2 + 2*a1*a4^2*c98^2 + 2*a1*a4^2*c99^2 + 2*a1*a4^2*c100^2 + 4*a1*c1*c21 + 4*a1*c2*c22 + 4*a1*c3*c23 + 4*a1*c4*c24 + 4*a1*c5*c25 + 4*a1*c6*c26 + 4*a1*c7*c27 + 4*a1*c8*c28 + 4*a1*c9*c29 + 4*a1*c10*c30 + 4*a1*c11*c31 + 4*a1*c12*c32 + 4*a1*c13*c33 + 4*a1*c14*c34 + 4*a1*c15*c35 + 4*a1*c16*c36 + 4*a1*c17*c37 + 4*a1*c18*c38 + 4*a1*c19*c39 + 4*a1*c20*c40 + 2*a2^3*c41*c101 + 2*a2^3*c42*c102 + 2*a2^3*c43*c103 + 2*a2^3*c44*c104 + 2*a2^3*c45*c105 + 2*a2^3*c46*c106 + 2*a2^3*c47*c107 + 2*a2^3*c48*c108 + 2*a2^3*c49*c109 + 2*a2^3*c50*c110 + 2*a2^3*c51*c111 + 2*a2^3*c52*c112 + 2*a2^3*c53*c113 + 