function eqs = retrieve_eqs(a1,a2,a3,a4,c1,c2,c3,c4,c5,c6,c7,c8,c9,c10,c11,c12,c13,c14,c15,c16,c17,c18,c19,c20,c21,c22,c23,c24,c25,c26,c27,c28,c29,c30,c31,c32,c33,c34,c35,c36) 
eqs(1) = 2*a1^2*a4*c1*c10*c23*c36 - 2*a1^2*a4*c1*c10*c24*c35 - 2*a1^2*a4*c1*c11*c22*c36 + 2*a1^2*a4*c1*c11*c24*c34 + 2*a1^2*a4*c1*c12*c22*c35 - 2*a1^2*a4*c1*c12*c23*c34 - 2*a1^2*a4*c2*c9*c23*c36 + 2*a1^2*a4*c2*c9*c24*c35 + 2*a1^2*a4*c2*c11*c21*c36 - 2*a1^2*a4*c2*c11*c24*c33 - 2*a1^2*a4*c2*c12*c21*c35 + 2*a1^2*a4*c2*c12*c23*c33 + 2*a1^2*a4*c3*c9*c22*c36 - 2*a1^2*a4*c3*c9*c24*c34 - 2*a1^2*a4*c3*c10*c21*c36 + 2*a1^2*a4*c3*c10*c24*c33 + 2*a1^2*a4*c3*c12*c21*c34 - 2*a1^2*a4*c3*c12*c22*c33 - 2*a1^2*a4*c4*c9*c22*c35 + 2*a1^2*a4*c4*c9*c23*c34 + 2*a1^2*a4*c4*c10*c21*c35 - 2*a1^2*a4*c4*c10*c23*c33 - 2*a1^2*a4*c4*c11*c21*c34 + 2*a1^2*a4*c4*c11*c22*c33 + 2*a1^2*a4*c9*c18*c23*c36 - 2*a1^2*a4*c9*c18*c24*c35 - 2*a1^2*a4*c9*c19*c22*c36 + 2*a1^2*a4*c9*c19*c24*c34 + 2*a1^2*a4*c9*c20*c22*c35 - 2*a1^2*a4*c9*c20*c23*c34 - 2*a1^2*a4*c10*c17*c23*c36 + 2*a1^2*a4*c10*c17*c24*c35 + 2*a1^2*a4*c10*c19*c21*c36 - 2*a1^2*a4*c10*c19*c24*c33 - 2*a1^2*a4*c10*c20*c21*c35 + 2*a1^2*a4*c10*c20*c23*c33 + 2*a1^2*a4*c11*c17*c22*c36 - 2*a1^2*a4*c11*c17*c24*c34 - 2*a1^2*a4*c11*c18*c21*c36 + 2*a1^2*a4*c11*c18*c24*c33 + 2*a1^2*a4*c11*c20*c21*c34 - 2*a1^2*a4*c11*c20*c22*c33 - 2*a1^2*a4*c12*c17*c22*c35 + 2*a1^2*a4*c12*c17*c23*c34 + 2*a1^2*a4*c12*c18*c21*c35 - 2*a1^2*a4*c12*c18*c23*c33 - 2*a1^2*a4*c12*c19*c21*c34 + 2*a1^2*a4*c12*c19*c22*c33 - 4*a1*a2*c1*c6*c11*c24 + 4*a1*a2*c1*c6*c12*c23 + 4*a1*a2*c1*c7*c10*c24 - 4*a1*a2*c1*c7*c12*c22 - 4*a1*a2*c1*c8*c10*c23 + 4*a1*a2*c1*c8*c11*c22 + 4*a1*a2*c1*c10*c15*c24 - 4*a1*a2*c1*c10*c16*c23 - 4*a1*a2*c1*c11*c14*c24 + 4*a1*a2*c1*c11*c16*c22 + 4*a1*a2*c1*c12*c14*c23 - 4*a1*a2*c1*c12*c15*c22 + 4*a1*a2*c2*c5*c11*c24 - 4*a1*a2*c2*c5*c12*c23 - 4*a1*a2*c2*c7*c9*c24 + 4*a1*a2*c2*c7*c12*c21 + 4*a1*a2*c2*c8*c9*c23 - 4*a1*a2*c2*c8*c11*c21 - 4*a1*a2*c2*c9*c15*c24 + 4*a1*a2*c2*c9*c16*c23 + 4*a1*a2*c2*c11*c13*c24 - 4*a1*a2*c2*c11*c16*c21 - 4*a1*a2*c2*c12*c13*c23 + 4*a1*a2*c2*c12*c15*c21 - 4*a1*a2*c3*c5*c10*c24 + 4*a1*a2*c3*c5*c12*c22 + 4*a1*a2*c3*c6*c9*c24 - 4*a1*a2*c3*c6*c12*c21 - 4*a1*a2*c3*c8*c9*c22 + 4*a1*a2*c3*c8*c10*c21 + 4*a1*a2*c3*c9*c14*c24 - 4*a1*a2*c3*c9*c16*c22 - 4*a1*a2*c3*c10*c13*c24 + 4*a1*a2*c3*c10*c16*c21 + 4*a1*a2*c3*c12*c13*c22 - 4*a1*a2*c3*c12*c14*c21 + 4*a1*a2*c4*c5*c10*c23 - 4*a1*a2*c4*c5*c11*c22 - 4*a1*a2*c4*c6*c9*c23 + 4*a1*a2*c4*c6*c11*c21 + 4*a1*a2*c4*c7*c9*c22 - 4*a1*a2*c4*c7*c10*c21 - 4*a1*a2*c4*c9*c14*c23 + 4*a1*a2*c4*c9*c15*c22 + 4*a1*a2*c4*c10*c13*c23 - 4*a1*a2*c4*c10*c15*c21 - 4*a1*a2*c4*c11*c13*c22 + 4*a1*a2*c4*c11*c14*c21 + 4*a1*a2*c5*c10*c19*c24 - 4*a1*a2*c5*c10*c20*c23 - 4*a1*a2*c5*c11*c18*c24 + 4*a1*a2*c5*c11*c20*c22 + 4*a1*a2*c5*c12*c18*c23 - 4*a1*a2*c5*c12*c19*c22 - 4*a1*a2*c6*c9*c19*c24 + 4*a1*a2*c6*c9*c20*c23 + 4*a1*a2*c6*c11*c17*c24 - 4*a1*a2*c6*c11*c20*c21 - 4*a1*a2*c6*c12*c17*c23 + 4*a1*a2*c6*c12*c19*c21 + 4*a1*a2*c7*c9*c18*c24 - 4*a1*a2*c7*c9*c20*c22 - 4*a1*a2*c7*c10*c17*c24 + 4*a1*a2*c7*c10*c20*c21 + 4*a1*a2*c7*c12*c17*c22 - 4*a1*a2*c7*c12*c18*c21 - 4*a1*a2*c8*c9*c18*c23 + 4*a1*a2*c8*c9*c19*c22 + 4*a1*a2*c8*c10*c17*c23 - 4*a1*a2*c8*c10*c19*c21 - 4*a1*a2*c8*c11*c17*c22 + 4*a1*a2*c8*c11*c18*c21 - 4*a1*a2*c9*c14*c19*c24 + 4*a1*a2*c9*c14*c20*c23 + 4*a1*a2*c9*c15*c18*c24 - 4*a1*a2*c9*c15*c20*c22 - 4*a1*a2*c9*c16*c18*c23 + 4*a1*a2*c9*c16*c19*c22 + 4*a1*a2*c10*c13*c19*c24 - 4*a1*a2*c10*c13*c20*c23 - 4*a1*a2*c10*c15*c17*c24 + 4*a1*a2*c10*c15*c20*c21 + 4*a1*a2*c10*c16*c17*c23 - 4*a1*a2*c10*c16*c19*c21 - 4*a1*a2*c11*c13*c18*c24 + 4*a1*a2*c11*c13*c20*c22 + 4*a1*a2*c11*c14*c17*c24 - 4*a1*a2*c11*c14*c20*c21 - 4*a1*a2*c11*c16*c17*c22 + 4*a1*a2*c11*c16*c18*c21 + 4*a1*a2*c12*c13*c18*c23 - 4*a1*a2*c12*c13*c19*c22 - 4*a1*a2*c12*c14*c17*c23 + 4*a1*a2*c12*c14*c19*c21 + 4*a1*a2*c12*c15*c17*c22 - 4*a1*a2*c12*c15*c18*c21 - 4*a1*a3*c1*c10*c23*c28 + 4*a1*a3*c1*c10*c24*c27 + 4*a1*a3*c1*c11*c22*c28 - 4*a1*a3*c1*c11*c24*c26 - 4*a1*a3*c1*c12*c22*c27 + 4*a1*a3*c1*c12*c23*c26 + 4*a1*a3*c2*c9*c23*c28 - 4*a1*a3*c2*c9*c24*c27 - 4*a1*a3*c2*c11*c21*c28 + 4*a1*a3*c2*c11*c24*c25 + 4*a1*a3*c2*c12*c21*c27 - 4*a1*a3*c2*c12*c23*c25 - 4*a1*a3*c3*c9*c22*c28 + 4*a1*a3*c3*c9*c24*c26 + 4*a1*a3*c3*c10*c21*c28 - 4*a1*a3*c3*c10*c24*c25 - 4*a1*a3*c3*c12*c21*c26 + 4*a1*a3*c3*c12*c22*c25 + 4*a1*a3*c4*c9*c22*c27 - 4*a1*a3*c4*c9*c23*c26 - 4*a1*a3*c4*c10*c21*c27 + 4*a1*a3*c4*c10*c23*c25 + 4*a1*a3*c4*c11*c21*c26 - 4*a1*a3*c4*c11*c22*c25 - 4*a1*a3*c9*c18*c23*c28 + 4*a1*a3*c9*c18*c24*c27 + 4*a1*a3*c9*c19*c22*c28 - 4*a1*a3*c9*c19*c24*c26 - 4*a1*a3*c9*c20*c22*c27 + 4*a1*a3*c9*c20*c23*c26 + 4*a1*a3*c10*c17*c23*c28 - 4*a1*a3*c10*c17*c24*c27 - 4*a1*a3*c10*c19*c21*c28 + 4*a1*a3*c10*c19*c24*c25 + 4*a1*a3*c10*c20*c21*c27 - 4*a1*a3*c10*c20*c23*c25 - 4*a1*a3*c11*c17*c22*c28 + 4*a1*a3*c11*c17*c24*c26 + 4*a1*a3*c11*c18*c21*c28 - 4*a1*a3*c11*c18*c24*c25 - 4*a1*a3*c11*c20*c21*c26 + 4*a1*a3*c11*c20*c22*c25 + 4*a1*a3*c12*c17*c22*c27 - 4*a1*a3*c12*c17*c23*c26 - 4*a1*a3*c12*c18*c21*c27 + 4*a1*a3*c12*c18*c23*c25 + 4*a1*a3*c12*c19*c21*c26 - 4*a1*a3*c12*c19*c22*c25 + 4*a1*c1*c10*c23*c32 - 4*a1*c1*c10*c24*c31 - 4*a1*c1*c11*c22*c32 + 4*a1*c1*c11*c24*c30 + 4*a1*c1*c12*c22*c31 - 4*a1*c1*c12*c23*c30 - 4*a1*c2*c9*c23*c32 + 4*a1*c2*c9*c24*c31 + 4*a1*c2*c11*c21*c32 - 4*a1*c2*c11*c24*c29 - 4*a1*c2*c12*c21*c31 + 4*a1*c2*c12*c23*c29 + 4*a1*c3*c9*c22*c32 - 4*a1*c3*c9*c24*c30 - 4*a1*c3*c10*c21*c32 + 4*a1*c3*c10*c24*c29 + 4*a1*c3*c12*c21*c30 - 4*a1*c3*c12*c22*c29 - 4*a1*c4*c9*c22*c31 + 4*a1*c4*c9*c23*c30 + 4*a1*c4*c10*c21*c31 - 4*a1*c4*c10*c23*c29 - 4*a1*c4*c11*c21*c30 + 4*a1*c4*c11*c22*c29 + 4*a1*c9*c18*c23*c32 - 4*a1*c9*c18*c24*c31 - 4*a1*c9*c19*c22*c32 + 4*a1*c9*c19*c24*c30 + 4*a1*c9*c20*c22*c31 - 4*a1*c9*c20*c23*c30 - 4*a1*c10*c17*c23*c32 + 4*a1*c10*c17*c24*c31 + 4*a1*c10*c19*c21*c32 - 4*a1*c10*c19*c24*c29 - 4*a1*c10*c20*c21*c31 + 4*a1*c10*c20*c23*c29 + 4*a1*c11*c17*c22*c32 - 4*a1*c11*c17*c24*c30 - 4*a1*c11*c18*c21*c32 + 4*a1*c11*c18*c24*c29 + 4*a1*c11*c20*c21*c30 - 4*a1*c11*c20*c22*c29 - 4*a1*c12*c17*c22*c31 + 4*a1*c12*c17*c23*c30 + 4*a1*c12*c18*c21*c31 - 4*a1*c12*c18*c23*c29 - 4*a1*c12*c19*c21*c30 + 4*a1*c12*c19*c22*c29 + 2*a2^2*a4*c1*c10*c23*c36 - 2*a2^2*a4*c1*c10*c24*c35 - 2*a2^2*a4*c1*c11*c22*c36 + 2*a2^2*a4*c1*c11*c24*c34 + 2*a2^2*a4*c1*c12*c22*c35 - 2*a2^2*a4*c1*c12*c23*c34 - 2*a2^2*a4*c2*c9*c23*c36 + 2*a2^2*a4*c2*c9*c24*c35 + 2*a2^2*a4*c2*c11*c21*c36 - 2*a2^2*a4*c2*c11*c24*c33 - 2*a2^2*a4*c2*c12*c21*c35 + 2*a2^2*a4*c2*c12*c23*c33 + 2*a2^2*a4*c3*c9*c22*c36 - 2*a2^2*a4*c3*c9*c24*c34 - 2*a2^2*a4*c3*c10*c21*c36 + 2*a2^2*a4*c3*c10*c24*c33 + 2*a2^2*a4*c3*c12*c21*c34 - 2*a2^2*a4*c3*c12*c22*c33 - 2*a2^2*a4*c4*c9*c22*c35 + 2*a2^2*a4*c4*c9*c23*c34 + 2*a2^2*a4*c4*c10*c21*c35 - 2*a2^2*a4*c4*c10*c23*c33 - 2*a2^2*a4*c4*c11*c21*c34 + 2*a2^2*a4*c4*c11*c22*c33 + 2*a2^2*a4*c9*c18*c23*c36 - 2*a2^2*a4*c9*c18*c24*c35 - 2*a2^2*a4*c9*c19*c22*c36 + 2*a2^2*a4*c9*c19*c24*c34 + 2*a2^2*a4*c9*c20*c22*c35 - 2*a2^2*a4*c9*c20*c23*c34 - 2*a2^2*a4*c10*c17*c23*c36 + 2*a2^2*a4*c10*c17*c24*c35 + 2*a2^2*a4*c10*c19*c21*c36 - 2*a2^2*a4*c10*c19*c24*c33 - 2*a2^2*a4*c10*c20*c21*c35 + 2*a2^2*a4*c10*c20*c23*c33 + 2*a2^2*a4*c11*c17*c22*c36 - 2*a2^2*a4*c11*c17*c24*c34 - 2*a2^2*a4*c11*c18*c21*c36 + 2*a2^2*a4*c11*c18*c24*c33 + 2*a2^2*a4*c11*c20*c21*c34 - 2*a2^2*a4*c11*c20*c22*c33 - 2*a2^2*a4*c12*c17*c22*c35 + 2*a2^2*a4*c12*c17*c23*c34 + 2*a2^2*a4*c12*c18*c21*c35 - 2*a2^2*a4*c12*c18*c23*c33 - 2*a2^2*a4*c12*c19*c21*c34 + 2*a2^2*a4*c12*c19*c22*c33 - 4*a2*a3*c1*c10*c23*c32 + 4*a2*a3*c1*c10*c24*c31 + 4*a2*a3*c1*c11*c22*c32 - 4*a2*a3*c1*c11*c24*c30 - 4*a2*a3*c1*c12*c22*c31 + 4*a2*a3*c1*c12*c23*c30 + 4*a2*a3*c2*c9*c23*c32 - 4*a2*a3*c2*c9*c24*c31 - 4*a2*a3*c2*c11*c21*c32 + 4*a2*a3*c2*c11*c24*c29 + 4*a2*a3*c2*c12*c21*c31 - 4*a2*a3*c2*c12*c23*c29 - 4*a2*a3*c3*c9*c22*c32 + 4*a2*a3*c3*c9*c24*c30 + 4*a2*a3*c3*c10*c21*c32 - 4*a2*a3*c3*c10*c24*c29 - 4*a2*a3*c3*c12*c21*c30 + 4*a2*a3*c3*c12*c22*c29 + 4*a2*a3*c4*c9*c22*c31 - 4*a2*a3*c4*c9*c23*c30 - 4*a2*a3*c4*c10*c21*c31 + 4*a2*a3*c4*c10*c23*c29 