function eqs = retrieve_eqs(a1,a2,a3,a4,a5,c1,c2,c3,c4,c5,c6,c7,c8,c9,c10,c11,c12,c13,c14) 
eqs(1) = a1^2*c7 + 2*a1*a3*c8 + 2*a1*a4*c3*c8 + 2*a1*a5*c2*c8 + 2*a1*c1*c7 + a2^2*c7 + 2*a2*a3*c9 + 2*a2*a4*c2*c7 + 2*a2*a4*c3*c9 + 2*a2*a5*c2*c9 - 2*a2*a5*c3*c7 + a3^2*c10 + 2*a3*a4*c2*c9 + 2*a3*a4*c3*c10 + 2*a3*a5*c2*c10 - 2*a3*a5*c3*c9 + 2*a3*c1*c8 + a4^2*c2^2*c7 + 2*a4^2*c2*c3*c9 + a4^2*c3^2*c10 + 2*a4*a5*c2^2*c9 - 2*a4*a5*c2*c3*c7 + 2*a4*a5*c2*c3*c10 - 2*a4*a5*c3^2*c9 + 2*a4*c1*c3*c8 + a5^2*c2^2*c10 - 2*a5^2*c2*c3*c9 + a5^2*c3^2*c7 + 2*a5*c1*c2*c8 + c1^2*c7;
eqs(2) = a1^2*c11 + 2*a1*a3*c12 + 2*a1*a4*c6*c12 + 2*a1*a5*c5*c12 + 2*a1*c4*c11 + a2^2*c11 + 2*a2*a3*c13 + 2*a2*a4*c5*c11 + 2*a2*a4*c6*c13 + 2*a2*a5*c5*c13 - 2*a2*a5*c6*c11 + a3^2*c14 + 2*a3*a4*c5*c13 + 2*a3*a4*c6*c14 + 2*a3*a5*c5*c14 - 2*a3*a5*c6*c13 + 2*a3*c4*c12 + a4^2*c5^2*c11 + 2*a4^2*c5*c6*c13 + a4^2*c6^2*c14 + 2*a4*a5*c5^2*c13 - 2*a4*a5*c5*c6*c11 + 2*a4*a5*c5*c6*c14 - 2*a4*a5*c6^2*c13 + 2*a4*c4*c6*c12 + a5^2*c5^2*c14 - 2*a5^2*c5*c6*c13 + a5^2*c6^2*c11 + 2*a5*c4*c5*c12 + c4^2*c11;
eqs(3) = a4^2 + a5^2 - 1;
eqs(4) = -4*a1^2*c3*c8*c12 + 4*a1^2*c6*c8*c12 - 4*a1*a2*c2*c7*c12 - 4*a1*a2*c3*c8*c13 - 4*a1*a2*c3*c9*c12 + 4*a1*a2*c5*c8*c11 + 4*a1*a2*c6*c8*c13 + 4*a1*a2*c6*c9*c12 - 4*a1*a3*c2*c9*c12 - 4*a1*a3*c3*c8*c14 - 4*a1*a3*c3*c10*c12 + 4*a1*a3*c5*c8*c13 + 4*a1*a3*c6*c8*c14 + 4*a1*a3*c6*c10*c12 - 4*a1*a4*c2^2*c7*c12 - 8*a1*a4*c2*c3*c9*c12 + 4*a1*a4*c2*c6*c9*c12 - 4*a1*a4*c3^2*c10*c12 - 4*a1*a4*c3*c5*c8*c13 - 4*a1*a4*c3*c6*c8*c14 + 4*a1*a4*c3*c6*c10*c12 + 4*a1*a4*c5^2*c8*c11 + 8*a1*a4*c5*c6*c8*c13 + 4*a1*a4*c6^2*c8*c14 - 4*a1*a5*c2^2*c9*c12 + 4*a1*a5*c2*c3*c7*c12 - 4*a1*a5*c2*c3*c10*c12 + 4*a1*a5*c2*c6*c10*c12 + 4*a1*a5*c3^2*c9*c12 - 4*a1*a5*c3*c5*c8*c14 + 4*a1*a5*c3*c6*c8*c13 - 4*a1*a5*c3*c6*c9*c12 + 4*a1*a5*c5^2*c8*c13 - 4*a1*a5*c5*c6*c8*c11 + 4*a1*a5*c5*c6*c8*c14 - 4*a1*a5*c6^2*c8*c13 - 4*a1*c1*c3*c8*c12 + 4*a1*c1*c6*c8*c12 - 4*a1*c3*c4*c8*c12 + 4*a1*c4*c6*c8*c12 - 4*a2^2*c2*c7*c13 - 4*a2^2*c3*c9*c13 + 4*a2^2*c5*c9*c11 + 4*a2^2*c6*c9*c13 - 4*a2*a3*c2*c7*c14 - 4*a2*a3*c2*c9*c13 - 4*a2*a3*c3*c9*c14 - 4*a2*a3*c3*c10*c13 + 4*a2*a3*c5*c9*c13 + 4*a2*a3*c5*c10*c11 + 4*a2*a3*c6*c9*c14 + 4*a2*a3*c6*c10*c13 - 4*a2*a4*c2^2*c7*c13 - 8*a2*a4*c2*c3*c9*c13 - 4*a2*a4*c2*c5*c7*c13 + 4*a2*a4*c2*c5*c9*c11 - 4*a2*a4*c2*c6*c7*c14 + 4*a2*a4*c2*c6*c9*c13 - 4*a2*a4*c3^2*c10*c13 - 4*a2*a4*c3*c5*c9*c13 + 4*a2*a4*c3*c5*c10*c11 - 4*a2*a4*c3*c6*c9*c14 + 4*a2*a4*c3*c6*c10*c13 + 4*a2*a4*c5^2*c9*c11 + 8*a2*a4*c5*c6*c9*c13 + 4*a2*a4*c6^2*c9*c14 - 4*a2*a5*c2^2*c9*c13 + 4*a2*a5*c2*c3*c7*c13 - 4*a2*a5*c2*c3*c10*c13 - 4*a2*a5*c2*c5*c7*c14 + 4*a2*a5*c2*c5*c10*c11 + 4*a2*a5*c2*c6*c7*c13 + 4*a2*a5*c2*c6*c10*c13 + 4*a2*a5*c3^2*c9*c13 - 4*a2*a5*c3*c5*c9*c11 - 4*a2*a5*c3*c5*c9*c14 + 4*a2*a5*c5^2*c9*c13 - 4*a2*a5*c5*c6*c9*c11 + 4*a2*a5*c5*c6*c9*c14 - 4*a2*a5*c6^2*c9*c13 - 4*a2*c1*c3*c8*c13 + 4*a2*c1*c5*c8*c11 + 4*a2*c1*c6*c8*c13 - 4*a2*c2*c4*c7*c12 - 4*a2*c3*c4*c9*c12 + 4*a2*c4*c6*c9*c12 - 4*a3^2*c2*c9*c14 - 4*a3^2*c3*c10*c14 + 4*a3^2*c5*c10*c13 + 4*a3^2*c6*c10*c14 - 4*a3*a4*c2^2*c7*c14 - 8*a3*a4*c2*c3*c9*c14 - 4*a3*a4*c3^2*c10*c14 + 4*a3*a4*c5^2*c10*c11 + 8*a3*a4*c5*c6*c10*c13 + 4*a3*a4*c6^2*c10*c14 - 4*a3*a5*c2^2*c9*c14 + 4*a3*a5*c2*c3*c7*c14 - 4*a3*a5*c2*c3*c10*c14 - 4*a3*a5*c2*c5*c9*c14 + 4*a3*a5*c2*c5*c10*c13 + 4*a3*a5*c2*c6*c9*c13 + 4*a3*a5*c2*c6*c10*c14 + 4*a3*a5*c3^2*c9*c14 - 4*a3*a5*c3*c5*c9*c13 - 4*a3*a5*c3*c5*c10*c14 - 4*a3*a5*c3*c6*c9*c14 + 4*a3*a5*c3*c6*c10*c13 + 4*a3*a5*c5^2*c10*c13 - 4*a3*a5*c5*c6*c10*c11 + 4*a3*a5*c5*c6*c10*c14 - 4*a3*a5*c6^2*c10*c13 - 4*a3*c1*c3*c8*c14 + 4*a3*c1*c5*c8*c13 + 4*a3*c1*c6*c8*c14 - 4*a3*c2*c4*c9*c12 - 4*a3*c3*c4*c10*c12 + 4*a3*c4*c6*c10*c12 - 4*a4^2*c2^2*c5*c7*c13 - 4*a4^2*c2^2*c6*c7*c14 - 8*a4^2*c2*c3*c5*c9*c13 - 8*a4^2*c2*c3*c6*c9*c14 + 4*a4^2*c2*c5^2*c9*c11 + 8*a4^2*c2*c5*c6*c9*c13 + 4*a4^2*c2*c6^2*c9*c14 - 4*a4^2*c3^2*c5*c10*c13 - 4*a4^2*c3^2*c6*c10*c14 + 4*a4^2*c3*c5^2*c10*c11 + 8*a4^2*c3*c5*c6*c10*c13 + 4*a4^2*c3*c6^2*c10*c14 - 4*a4*a5*c2^2*c5*c7*c14 - 4*a4*a5*c2^2*c5*c9*c13 + 4*a4*a5*c2^2*c6*c7*c13 - 4*a4*a5*c2^2*c6*c9*c14 + 4*a4*a5*c2*c3*c5*c7*c13 - 8*a4*a5*c2*c3*c5*c9*c14 - 4*a4*a5*c2*c3*c5*c10*c13 + 4*a4*a5*c2*c3*c6*c7*c14 + 8*a4*a5*c2*c3*c6*c9*c13 - 4*a4*a5*c2*c3*c6*c10*c14 + 4*a4*a5*c2*c5^2*c9*c13 + 4*a4*a5*c2*c5^2*c10*c11 - 4*a4*a5*c2*c5*c6*c9*c11 + 4*a4*a5*c2*c5*c6*c9*c14 + 8*a4*a5*c2*c5*c6*c10*c13 - 4*a4*a5*c2*c6^2*c9*c13 + 4*a4*a5*c2*c6^2*c10*c14 + 4*a4*a5*c3^2*c5*c9*c13 - 4*a4*a5*c3^2*c5*c10*c14 + 4*a4*a5*c3^2*c6*c9*c14 + 4*a4*a5*c3^2*c6*c10*c13 - 4*a4*a5*c3*c5^2*c9*c11 + 4*a4*a5*c3*c5^2*c10*c13 - 8*a4*a5*c3*c5*c6*c9*c13 - 4*a4*a5*c3*c5*c6*c10*c11 + 4*a4*a5*c3*c5*c6*c10*c14 - 4*a4*a5*c3*c6^2*c9*c14 - 4*a4*a5*c3*c6^2*c10*c13 - 4*a4*c1*c3*c5*c8*c13 - 4*a4*c1*c3*c6*c8*c14 + 4*a4*c1*c5^2*c8*c11 + 8*a4*c1*c5*c6*c8*c13 + 4*a4*c1*c6^2*c8*c14 - 4*a4*c2^2*c4*c7*c12 - 8*a4*c2*c3*c4*c9*c12 + 4*a4*c2*c4*c6*c9*c12 - 4*a4*c3^2*c4*c10*c12 + 4*a4*c3*c4*c6*c10*c12 - 4*a5^2*c2^2*c5*c9*c14 + 4*a5^2*c2^2*c6*c9*c13 + 4*a5^2*c2*c3*c5*c7*c14 - 4*a5^2*c2*c3*c5*c10*c14 - 4*a5^2*c2*c3*c6*c7*c13 + 4*a5^2*c2*c3*c6*c10*c13 + 4*a5^2*c2*c5^2*c10*c13 - 4*a5^2*c2*c5*c6*c10*c11 + 4*a5^2*c2*c5*c6*c10*c14 - 4*a5^2*c2*c6^2*c10*c13 + 4*a5^2*c3^2*c5*c9*c14 - 4*a5^2*c3^2*c6*c9*c13 - 4*a5^2*c3*c5^2*c9*c13 + 4*a5^2*c3*c5*c6*c9*c11 - 4*a5^2*c3*c5*c6*c9*c14 + 4*a5^2*c3*c6^2*c9*c13 - 4*a5*c1*c3*c5*c8*c14 + 4*a5*c1*c3*c6*c8*c13 + 4*a5*c1*c5^2*c8*c13 - 4*a5*c1*c5*c6*c8*c11 + 4*a5*c1*c5*c6*c8*c14 - 4*a5*c1*c6^2*c8*c13 - 4*a5*c2^2*c4*c9*c12 + 4*a5*c2*c3*c4*c7*c12 - 4*a5*c2*c3*c4*c10*c12 + 4*a5*c2*c4*c6*c10*c12 + 4*a5*c3^2*c4*c9*c12 - 4*a5*c3*c4*c6*c9*c12 - 4*c1*c3*c4*c8*c12 + 4*c1*c4*c6*c8*c12;
