function eqs = get_instance(a1,a2,a3)
nx=a1;
ny=a2;
nz=a3;

eqs = [ny ^ 2 * nx ^ 3 + 19824 * nx ^ 3 * ny * nz + 30096 * nx ^ 3 * nz ^ 2 + 3969 * ny ^ 3 * nx ^ 2 + 28015 * ny ^ 2 * nz * nx ^ 2 + 25956 * ny * nz ^ 2 * nx ^ 2 + 23812 * nz ^ 3 * nx ^ 2 + 19909 * ny ^ 4 * nx + 12508 * ny ^ 3 * nz * nx + 24946 * ny ^ 2 * nz ^ 2 * nx + 15991 * nz ^ 3 * nx * ny + 27176 * nz ^ 4 * nx + 28785 * ny ^ 5 + 11877 * ny ^ 4 * nz + 27944 * ny ^ 3 * nz ^ 2 + 24453 * ny ^ 2 * nz ^ 3 + 29256 * nz ^ 4 * ny + 12576 * nz ^ 5 + 11473 * nx ^ 2 * ny ^ 2 + 17465 * nx ^ 2 * ny * nz + 18624 * nx ^ 2 * nz ^ 2 + 24897 * ny ^ 3 * nx + 14714 * ny ^ 2 * nz * nx + 9281 * ny * nz ^ 2 * nx + 25811 * nz ^ 3 * nx + 20863 * ny ^ 4 + 19529 * ny ^ 3 * nz + 19511 * ny ^ 2 * nz ^ 2 + 19529 * nz ^ 3 * ny + 28745 * nz ^ 4 + 2177 * nx * ny ^ 2 + 6451 * nx * ny * nz + 27920 * nx * nz ^ 2 + 27107 * ny ^ 3 + 13929 * ny ^ 2 * nz + 27107 * ny * nz ^ 2 + 13929 * nz ^ 3 ny * nx ^ 4 + 9912 * nx ^ 4 * nz + 3969 * ny ^ 2 * nx ^ 3 + 17150 * nx ^ 3 * ny * nz + 30011 * nx ^ 3 * nz ^ 2 + 19909 * ny ^ 3 * nx ^ 2 + 19786 * ny ^ 2 * nz * nx ^ 2 + 23889 * ny * nz ^ 2 * nx ^ 2 + 16391 * nz ^ 3 * nx ^ 2 + 28785 * ny ^ 4 * nx + 24950 * ny ^ 3 * nz * nx + 27480 * ny ^ 2 * nz ^ 2 * nx + 12003 * nz ^ 3 * nx * ny + 24737 * nz ^ 4 * nx + 11487 * ny ^ 4 * nz + 2280 * ny ^ 3 * nz ^ 2 + 7168 * ny ^ 2 * nz ^ 3 + 6259 * nz ^ 4 * ny + 12471 * nz ^ 5 + 11473 * nx ^ 3 * ny + 23781 * nx ^ 3 * nz + 24897 * nx ^ 2 * ny ^ 2 + 9500 * nx ^ 2 * ny * nz + 17089 * nx ^ 2 * nz ^ 2 + 20863 * ny ^ 3 * nx + 26986 * ny ^ 2 * nz * nx + 2239 * ny * nz ^ 2 * nx + 20670 * nz ^ 3 * nx + 17934 * ny ^ 3 * nz + 29797 * ny ^ 2 * nz ^ 2 + 27434 * nz ^ 3 * ny + 21989 * nz ^ 4 + 2177 * nx ^ 2 * ny + 18274 * nx ^ 2 * nz + 27107 * nx * ny ^ 2 + 27107 * nx * nz ^ 2 + 13733 * ny ^ 2 * nz + 2177 * ny * nz ^ 2 + 1910 * nz ^ 3 ny * nx ^ 4 + 2918 * nx ^ 4 * nz + 18168 * ny ^ 2 * nx ^ 3 + 4369 * nx ^ 3 * ny * nz + 10557 * nx ^ 3 * nz ^ 2 + 18819 * ny ^ 3 * nx ^ 2 + 15665 * ny ^ 2 * nz * nx ^ 2 + 23514 * ny * nz ^ 2 * nx ^ 2 + 6027 * nz ^ 3 * nx ^ 2 + 14115 * ny ^ 4 * nx + 413 * ny ^ 3 * nz * nx + 28076 * ny ^ 2 * nz ^ 2 * nx + 26141 * nz ^ 3 * nx * ny + 21572 * nz ^ 4 * nx + 21105 * ny ^ 5 + 1603 * ny ^ 4 * nz + 28906 * ny ^ 3 * nz ^ 2 + 24980 * ny ^ 2 * nz ^ 3 + 3105 * nz ^ 4 * ny + 10724 * nx ^ 3 * ny + 10350 * nx ^ 3 * nz + 14630 * nx ^ 2 * ny ^ 2 + 315 * nx ^ 2 * ny * nz + 16293 * nx ^ 2 * nz ^ 2 + 29492 * ny ^ 3 * nx + 12779 * ny ^ 2 * nz * nx + 18768 * ny * nz ^ 2 * nx + 2429 * nz ^ 3 * nx + 22826 * ny ^ 4 + 27510 * ny ^ 3 * nz + 24489 * ny ^ 2 * nz ^ 2 + 27195 * nz ^ 3 * ny + 8352 * nx ^ 2 * ny + 2019 * nx ^ 2 * nz + 16225 * nx * ny ^ 2 + 16225 * nx * nz ^ 2 + 13787 * ny ^ 3 + 2019 * ny ^ 2 * nz + 5435 * ny * nz ^ 2 nx ^ 5 + 3969 * ny * nx ^ 4 + 6285 * nx ^ 4 * nz + 19909 * ny ^ 2 * nx ^ 3 + 27064 * nx ^ 3 * ny * nz + 2922 * nx ^ 3 * nz ^ 2 + 28785 * ny ^ 3 * nx ^ 2 + 7926 * ny ^ 2 * nz * nx ^ 2 + 24359 * ny * nz ^ 2 * nx ^ 2 + 23806 * nz ^ 3 * nx ^ 2 + 22974 * ny ^ 3 * nz * nx + 14748 * ny ^ 2 * nz ^ 2 * nx + 8951 * nz ^ 3 * nx * ny + 2921 * nz ^ 4 * nx + 1312 * ny ^ 3 * nz ^ 2 + 18220 * ny ^ 2 * nz ^ 3 + 841 * nz ^ 4 * ny + 17521 * nz ^ 5 + 11473 * nx ^ 4 + 24897 * nx ^ 3 * ny + 4286 * nx ^ 3 * nz + 20863 * nx ^ 2 * ny ^ 2 + 4346 * nx ^ 2 * ny * nz + 12825 * nx ^ 2 * nz ^ 2 + 5771 * ny ^ 2 * nz * nx + 4600 * ny * nz ^ 2 * nx + 4286 * nz ^ 3 * nx + 9234 * ny ^ 2 * nz ^ 2 + 10568 * nz ^ 3 * ny + 1352 * nz ^ 4 + 2177 * nx ^ 3 + 27107 * nx ^ 2 * ny + 16168 * nx ^ 2 * nz + 27466 * nx * ny * nz + 2177 * nx * nz ^ 2 + 2990 * ny * nz ^ 2 + 16168 * nz ^ 3 nx ^ 5 + 18168 * ny * nx ^ 4 + 10172 * nx ^ 4 * nz + 18819 * ny ^ 2 * nx ^ 3 + 5495 * nx ^ 3 * ny * nz + 25292 * nx ^ 3 * nz ^ 2 + 14115 * ny ^ 3 * nx ^ 2 + 12313 * ny ^ 2 * nz * nx ^ 2 + 10186 * ny * nz ^ 2 * nx ^ 2 + 20137 * nz ^ 3 * nx ^ 2 + 21105 * ny ^ 4 * nx + 24448 * ny ^ 3 * nz * nx + 26110 * ny ^ 2 * nz ^ 2 * nx + 11144 * nz ^ 3 * nx * ny + 26992 * nz ^ 4 * nx + 6097 * ny ^ 4 * nz + 14658 * ny ^ 3 * nz ^ 2 + 16181 * ny ^ 2 * nz ^ 3 + 21572 * nz ^ 4 * ny + 10724 * nx ^ 4 + 14630 * nx ^ 3 * ny + 5027 * nx ^ 3 * nz + 29492 * nx ^ 2 * ny ^ 2 + 10426 * nx ^ 2 * ny * nz + 29425 * nx ^ 2 * nz ^ 2 + 22826 * ny ^ 3 * nx + 2125 * ny ^ 2 * nz * nx + 21901 * ny * nz ^ 2 * nx + 2902 * nz ^ 3 * nx + 7997 * ny ^ 3 * nz + 18096 * ny ^ 2 * nz ^ 2 + 2429 * nz ^ 3 * ny + 8352 * nx ^ 3 + 16225 * nx ^ 2 * ny + 26787 * nx ^ 2 * nz + 13787 * nx * ny ^ 2 + 24662 * nx * nz ^ 2 + 26787 * ny ^ 2 * nz + 16225 * ny * nz ^ 2 ny ^ 2 * nx ^ 4 + 5106 * ny * nz * nx ^ 4 + 17616 * nz ^ 2 * nx ^ 4 + 6860 * ny ^ 3 * nx ^ 3 + 254 * ny ^ 2 * nx ^ 3 * nz + 11094 * nz ^ 2 * ny * nx ^ 3 + 10475 * nz ^ 3 * nx ^ 3 + 16619 * ny ^ 4 * nx ^ 2 + 28801 * ny ^ 3 * nx ^ 2 * nz + 12451 * nz ^ 2 * ny ^ 2 * nx ^ 2 + 14829 * nz ^ 3 * nx ^ 2 * ny + 3649 * nz ^ 4 * nx ^ 2 + 7558 * ny ^ 5 * nx + 8115 * ny ^ 4 * nz * nx + 25295 * nz ^ 2 * ny ^ 3 * nx + 3993 * ny ^ 2 * nz ^ 3 * nx + 4628 * nz ^ 4 * ny * nx + 22265 * nz ^ 5 * nx + 14121 * ny ^ 6 + 24050 * nz * ny ^ 5 + 12276 * nz ^ 2 * ny ^ 4 + 26226 * ny ^ 3 * nz ^ 3 + 7322 * ny ^ 2 * nz ^ 4 + 19878 * nz ^ 5 * ny + 26150 * nz ^ 6 + 5178 * ny ^ 2 * nx ^ 3 + 668 * nx ^ 3 * ny * nz + 24002 * nx ^ 3 * nz ^ 2 + 583 * ny ^ 3 * nx ^ 2 + 5996 * ny ^ 2 * nz * nx ^ 2 + 20218 * ny * nz ^ 2 * nx ^ 2 + 25422 * nz ^ 3 * nx ^ 2 + 21045 * ny ^ 4 * nx + 627 * ny ^ 3 * nz * nx + 4258 * ny ^ 2 * nz ^ 2 * nx + 11219 * nz ^ 3 * nx * ny + 16883 * nz ^ 4 * nx + 8034 * ny ^ 5 + 2361 * ny ^ 4 * nz + 18313 * ny ^ 3 * nz ^ 2 + 19189 * ny ^ 2 * nz ^ 3 + 16478 * nz ^ 4 * ny + 6544 * nz ^ 5 + 23178 * nx ^ 2 * ny ^ 2 + 21305 * nx ^ 2 * ny * nz + 12568 * nx ^ 2 * nz ^ 2 + 21625 * ny ^ 3 * nx + 918 * ny ^ 2 * nz * nx + 28106 * ny * nz ^ 2 * nx + 12009 * nz ^ 3 * nx + 28295 * ny ^ 4 + 29641 * ny ^ 3 * nz + 26765 * ny ^ 2 * nz ^ 2 + 7778 * nz ^ 3 * ny + 25310 * nz ^ 4 + 12321 * nx * ny ^ 2 + 21962 * nx * ny * nz + 25549 * nx * nz ^ 2 + 27326 * ny ^ 3 + 3982 * ny ^ 2 * nz + 8272 * ny * nz ^ 2 + 5654 * nz ^ 3 + 28051 * ny ^ 2 + 298 * ny * nz + 27981 * nz ^ 2 nx ^ 5 * ny + 2553 * nx ^ 5 * nz + 6860 * ny ^ 2 * nx ^ 4 + 21815 * ny * nz * nx ^ 4 + 6343 * nz ^ 2 * nx ^ 4 + 16619 * ny ^ 3 * nx ^ 3 + 8130 * ny ^ 2 * nx ^ 3 * nz + 27147 * nz ^ 2 * ny * nx ^ 3 + 24641 * nz ^ 3 * nx ^ 3 + 7558 * ny ^ 4 * nx ^ 2 + 10377 * ny ^ 3 * nx ^ 2 * nz + 12095 * nz ^ 2 * ny ^ 2 * nx ^ 2 + 13356 * nz ^ 3 * nx ^ 2 * ny + 9928 * nz ^ 4 * nx ^ 2 + 14121 * ny ^ 5 * nx + 9508 * ny ^ 4 * nz * nx + 21457 * nz ^ 2 * ny ^ 3 * nx + 19998 * ny ^ 2 * nz ^ 3 * nx + 13995 * nz ^ 4 * ny * nx + 8561 * nz ^ 5 * nx + 18733 * nz * ny ^ 5 + 14972 * nz ^ 2 * ny ^ 4 + 17831 * ny ^ 3 * nz ^ 3 + 6510 * ny ^ 2 * nz ^ 4 + 17181 * nz ^ 5 * ny + 27476 * nz ^ 6 + 5178 * ny * nx ^ 4 + 334 * nx ^ 4 * nz + 583 * ny ^ 2 * nx ^ 3 + 26154 * nx ^ 3 * ny * nz + 16744 * nx ^ 3 * nz ^ 2 + 21045 * ny ^ 3 * nx ^ 2 + 13651 * ny ^ 2 * nz * nx ^ 2 + 10398 * ny * nz ^ 2 * nx ^ 2 + 7224 * nz ^ 3 * nx ^ 2 + 8034 * ny ^ 4 * nx + 18067 * ny ^ 3 * nz * nx + 26374 * ny ^ 2 * nz ^ 2 * nx + 17996 * nz ^ 3 * nx * ny + 20468 * nz ^ 4 * nx + 11028 * ny ^ 4 * nz + 26936 * ny ^ 3 * nz ^ 2 + 26639 * ny ^ 2 * nz ^ 3 + 5419 * nz ^ 4 * ny + 3189 * nz ^ 5 + 23178 * nx ^ 3 * ny + 25701 * nx ^ 3 * nz + 21625 * nx ^ 2 * ny ^ 2 + 1955 * nx ^ 2 * ny * nz + 9900 * nx ^ 2 * nz ^ 2 + 28295 * ny ^ 3 * nx + 26502 * ny ^ 2 * nz * nx + 3416 * ny * nz ^ 2 * nx + 25081 * nz ^ 3 * nx + 5716 * ny ^ 3 * nz + 20281 * ny ^ 2 * nz ^ 2 + 23196 * nz ^ 3 * ny + 16763 * nz ^ 4 + 12321 * nx ^ 2 * ny + 10981 * nx ^ 2 * nz + 27326 * nx * ny ^ 2 + 1897 * nx * ny * nz + 21371 * nx * nz ^ 2 + 8727 * ny ^ 2 * nz + 20800 * ny * nz ^ 2 + 16526 * nz ^ 3 + 28051 * nx * ny + 149 * nx * nz + 23085 * ny * nz + 11185 * nz ^ 2 nx ^ 5 * ny + 113 * nx ^ 5 * nz + 19231 * ny ^ 2 * nx ^ 4 + 14903 * ny * nz * nx ^ 4 + 22792 * nz ^ 2 * nx ^ 4 + 7105 * ny ^ 3 * nx ^ 3 + 19328 * ny ^ 2 * nx ^ 3 * nz + 1010 * nz ^ 2 * ny * nx ^ 3 + 6391 * nz ^ 3 * nx ^ 3 + 12625 * ny ^ 4 * nx ^ 