function eqs = get_instance(a1,a2,a3)
nx=a1;
ny=a2;
nz=a3;

eqs = [nx ^ 4 + 15023 * nx ^ 3 * ny + 14720 * nx ^ 3 * nz + 11700 * nx ^ 2 * ny ^ 2 + 16475 * nx ^ 2 * ny * nz + 8755 * nx ^ 2 * nz ^ 2 + 16993 * nx * ny ^ 3 + 8940 * nx * ny ^ 2 * nz + 22807 * nx * nz ^ 2 * ny + 22410 * nx * nz ^ 3 + 28912 * ny ^ 4 + 13512 * ny ^ 3 * nz + 20474 * ny ^ 2 * nz ^ 2 + 23046 * ny * nz ^ 3 + 2167 * nz ^ 4 + 25619 * nx ^ 3 + 1478 * nx ^ 2 * ny + 3660 * nx ^ 2 * nz + 25028 * nx * ny ^ 2 + 24894 * nx * ny * nz + 581 * nx * nz ^ 2 + 7752 * ny ^ 3 + 14284 * ny ^ 2 * nz + 13013 * ny * nz ^ 2 + 822 * nz ^ 3 + 26728 * nx ^ 2 + 15057 * nx * ny + 307 * nx * nz + 15266 * ny ^ 2 + 3527 * ny * nz + 26378 * nz ^ 2 + 11384 * nx + 9080 * ny + 29803 * nz + 15345 nx ^ 5 + 5367 * nx ^ 4 * ny + 19250 * nx ^ 4 * nz + 22961 * ny ^ 2 * nx ^ 3 + 8624 * nx ^ 3 * ny * nz + 17857 * nx ^ 3 * nz ^ 2 + 4768 * nx ^ 2 * ny ^ 3 + 6892 * nx ^ 2 * ny ^ 2 * nz + 11952 * nx ^ 2 * ny * nz ^ 2 + 16099 * nx ^ 2 * nz ^ 3 + 22960 * ny ^ 4 * nx + 16258 * nx * ny ^ 3 * nz + 3171 * nx * ny ^ 2 * nz ^ 2 + 28481 * nx * ny * nz ^ 3 + 29498 * ny ^ 5 + 28705 * ny ^ 4 * nz + 17726 * ny ^ 3 * nz ^ 2 + 13998 * ny ^ 2 * nz ^ 3 + 5883 * nx ^ 4 + 21724 * nx ^ 3 * ny + 19661 * nx ^ 3 * nz + 28801 * nx ^ 2 * ny ^ 2 + 7655 * nx ^ 2 * ny * nz + 19461 * nx ^ 2 * nz ^ 2 + 21724 * nx * ny ^ 3 + 2396 * nx * ny ^ 2 * nz + 21252 * nx * nz ^ 2 * ny + 22918 * ny ^ 4 + 14656 * ny ^ 3 * nz + 10636 * ny ^ 2 * nz ^ 2 + 20587 * nx ^ 3 + 17192 * nx ^ 2 * ny + 13394 * nx ^ 2 * nz + 20587 * nx * ny ^ 2 + 29183 * nx * ny * nz + 17192 * ny ^ 3 + 16703 * ny ^ 2 * nz nx ^ 6 + 15780 * nx ^ 5 * ny + 4931 * nx ^ 5 * nz + 20619 * nx ^ 4 * ny ^ 2 + 28021 * nx ^ 4 * nz * ny + 13160 * nx ^ 4 * nz ^ 2 + 22854 * nx ^ 3 * ny ^ 3 + 23463 * nx ^ 3 * nz * ny ^ 2 + 7383 * nz ^ 2 * ny * nx ^ 3 + 7270 * nz ^ 3 * nx ^ 3 + 9066 * ny ^ 4 * nx ^ 2 + 4203 * nz * ny ^ 3 * nx ^ 2 + 4162 * nz ^ 2 * ny ^ 2 * nx ^ 2 + 13953 * nz ^ 3 * ny * nx ^ 2 + 22572 * nz ^ 4 * nx ^ 2 + 17042 * ny ^ 5 * nx + 984 * nz * ny ^ 4 * nx + 3257 * nz ^ 2 * ny ^ 3 * nx + 7302 * nz ^ 3 * ny ^ 2 * nx + 19441 * nx * nz ^ 4 * ny + 9531 * nx * nz ^ 5 + 14030 * ny ^ 6 + 5027 * nz * ny ^ 5 + 23108 * nz ^ 2 * ny ^ 4 + 12240 * nz ^ 3 * ny ^ 3 + 20621 * ny ^ 2 * nz ^ 4 + 23977 * ny * nz ^ 5 + 15087 * nx ^ 5 + 5247 * nx ^ 4 * ny + 9665 * nx ^ 4 * nz + 21590 * ny ^ 2 * nx ^ 3 + 8892 * nx ^ 3 * ny * nz + 16092 * nx ^ 3 * nz ^ 2 + 248 * nx ^ 2 * ny ^ 3 + 7941 * nx ^ 2 * ny ^ 2 * nz + 18568 * nx ^ 2 * ny * nz ^ 2 + 1684 * nx ^ 2 * nz ^ 3 + 19640 * ny ^ 4 * nx + 17720 * nx * ny ^ 3 * nz + 15434 * nx * ny ^ 2 * nz ^ 2 + 13127 * nx * ny * nz ^ 3 + 29656 * nx * nz ^ 4 + 21546 * ny ^ 5 + 26938 * ny ^ 4 * nz + 13285 * ny ^ 3 * nz ^ 2 + 10682 * ny ^ 2 * nz ^ 3 + 24888 * ny * nz ^ 4 + 26637 * nx ^ 4 + 17422 * nx ^ 3 * ny + 13849 * nx ^ 3 * nz + 1372 * nx ^ 2 * ny ^ 2 + 23600 * nx ^ 2 * ny * nz + 18307 * nx ^ 2 * nz ^ 2 + 23304 * nx * ny ^ 3 + 23037 * nx * ny ^ 2 * nz + 9181 * nx * nz ^ 2 * ny + 7645 * nx * nz ^ 3 + 13417 * ny ^ 4 + 26337 * ny ^ 3 * nz + 12064 * ny ^ 2 * nz ^ 2 + 8838 * ny * nz ^ 3 + 3012 * nx ^ 3 + 19796 * nx ^ 2 * ny + 2050 * nx ^ 2 * nz + 26029 * nx * ny ^ 2 + 10621 * nx * ny * nz + 27206 * nx * nz ^ 2 + 181 * ny ^ 3 + 26850 * ny ^ 2 * nz + 23589 * ny * nz ^ 2 + 13320 * nx ^ 2 + 7976 * nx * ny + 1235 * nx * nz + 14035 * ny ^ 2 + 16246 * ny * nz nx ^ 6 + 3302 * nx ^ 5 * ny + 10122 * nx ^ 5 * nz + 1699 * nx ^ 4 * ny ^ 2 + 9289 * nx ^ 4 * nz * ny + 23698 * nx ^ 4 * nz ^ 2 + 28394 * nx ^ 3 * ny ^ 3 + 25342 * nx ^ 3 * nz * ny ^ 2 + 4130 * nz ^ 2 * ny * nx ^ 3 + 15515 * nz ^ 3 * nx ^ 3 + 4564 * ny ^ 4 * nx ^ 2 + 24101 * nz * ny ^ 3 * nx ^ 2 + 15241 * nz ^ 2 * ny ^ 2 * nx ^ 2 + 13464 * nz ^ 3 * ny * nx ^ 2 + 23540 * nz ^ 4 * nx ^ 2 + 19938 * ny ^ 5 * nx + 27166 * nz * ny ^ 4 * nx + 12922 * nz ^ 2 * ny ^ 3 * nx + 11219 * nz ^ 3 * ny ^ 2 * nx + 28442 * nx * nz ^ 4 * ny + 18695 * nx * nz ^ 5 + 28896 * nz * ny ^ 5 + 22152 * nz ^ 2 * ny ^ 4 + 14634 * nz ^ 3 * ny ^ 3 + 15135 * ny ^ 2 * nz ^ 4 + 23832 * ny * nz ^ 5 + 15154 * nx ^ 5 + 11535 * nx ^ 4 * ny + 12146 * nx ^ 4 * nz + 22931 * ny ^ 2 * nx ^ 3 + 5759 * nx ^ 3 * ny * nz + 5777 * nx ^ 3 * nz ^ 2 + 6060 * nx ^ 2 * ny ^ 3 + 3331 * nx ^ 2 * ny ^ 2 * nz + 21447 * nx ^ 2 * ny * nz ^ 2 + 10706 * nx ^ 2 * nz ^ 3 + 28526 * ny ^ 4 * nx + 20604 * nx * ny ^ 3 * nz + 29077 * nx * ny ^ 2 * nz ^ 2 + 22792 * nx * ny * nz ^ 3 + 22937 * nx * nz ^ 4 + 23418 * ny ^ 4 * nz + 11614 * ny ^ 3 * nz ^ 2 + 6022 * ny ^ 2 * nz ^ 3 + 20473 * ny * nz ^ 4 + 8475 * nx ^ 4 + 24283 * nx ^ 3 * ny + 4816 * nx ^ 3 * nz + 3097 * nx ^ 2 * ny ^ 2 + 16112 * nx ^ 2 * ny * nz + 5264 * nx ^ 2 * nz ^ 2 + 28208 * nx * ny ^ 3 + 8875 * nx * ny ^ 2 * nz + 12896 * nx * nz ^ 2 * ny + 27243 * nx * nz ^ 3 + 167 * ny ^ 3 * nz + 11692 * ny ^ 2 * nz ^ 2 + 26846 * ny * nz ^ 3 + 9453 * nx ^ 3 + 26248 * nx ^ 2 * ny + 27857 * nx ^ 2 * nz + 22694 * nx * ny ^ 2 + 18003 * nx * ny * nz + 6927 * nx * nz ^ 2 + 22030 * ny ^ 2 * nz + 15423 * ny * nz ^ 2 + 5232 * nx ^ 2 + 3397 * nx * ny + 7993 * nx * nz + 15321 * ny * nz nx ^ 6 + 8831 * nx ^ 5 * ny + 22383 * nx ^ 5 * nz + 26909 * nx ^ 4 * ny ^ 2 + 21528 * nx ^ 4 * nz * ny + 25450 * nx ^ 4 * nz ^ 2 + 27756 * nx ^ 3 * ny ^ 3 + 3726 * nx ^ 3 * nz * ny ^ 2 + 11504 * nz ^ 2 * ny * nx ^ 3 + 16621 * nz ^ 3 * nx ^ 3 + 17067 * ny ^ 4 * nx ^ 2 + 19215 * nz * ny ^ 3 * nx ^ 2 + 13579 * nz ^ 2 * ny ^ 2 * nx ^ 2 + 26189 * nz ^ 3 * ny * nx ^ 2 + 5967 * nz ^ 4 * nx ^ 2 + 1596 * ny ^ 5 * nx + 9569 * nz * ny ^ 4 * nx + 16900 * nz ^ 2 * ny ^ 3 * nx + 21586 * nz ^ 3 * ny ^ 2 * nx + 17483 * nx * nz ^ 4 * ny + 30010 * nx * nz ^ 5 + 7034 * ny ^ 6 + 18646 * nz * ny ^ 5 + 10031 * nz ^ 2 * ny ^ 4 + 15464 * nz ^ 3 * ny ^ 3 + 14383 * ny ^ 2 * nz ^ 4 + 5107 * ny * nz ^ 5 + 15020 * nx ^ 5 + 18718 * nx ^ 4 * ny + 26569 * nx ^ 4 * nz + 7149 * ny ^ 2 * nx ^ 3 + 24262 * nx ^ 3 * ny * nz + 13688 * nx ^ 3 * nz ^ 2 + 4128 * nx ^ 2 * ny ^ 3 + 6595 * nx ^ 2 * ny ^ 2 * nz + 8898 * nx ^ 2 * ny * nz ^ 2 + 17410 * nx ^ 2 * nz ^ 3 + 5838 * ny ^ 4 * nx + 7441 * nx * ny ^ 3 * nz + 14645 * nx * ny ^ 2 * nz ^ 2 + 7571 * nx * ny * nz ^ 3 + 18412 * nx * nz ^ 4 + 2246 * ny ^ 5 + 6643 * ny ^ 4 * nz + 11459 * ny ^ 3 * nz ^ 2 + 28328 * ny ^ 2 * nz ^ 3 + 1865 * ny * nz ^ 4 + 5192 * nx ^ 4 + 19776 * nx ^ 3 * ny + 24167 * nx ^ 3 * nz + 14635 * nx ^ 2 * ny ^ 2 + 22516 * nx ^ 2 * ny * nz + 8785 * nx ^ 2 * nz ^ 2 + 23248 * nx * ny ^ 3 + 9152 * nx * ny ^ 2 * nz + 683 * nx * nz ^ 2 * ny + 12430 * nx * nz ^ 3 + 12237 * ny ^ 4 + 11534 * ny ^ 3 * nz + 11358 * ny ^ 2 * nz ^ 2 + 13256 * ny * nz ^ 3 + 19506 * nx ^ 3 + 14766 * nx ^ 2 * ny + 7662 * nx ^ 2 * nz + 25979 * nx * ny ^ 2 + 11946 * nx * ny * nz + 19323 * nx * nz ^ 2 + 17289 * ny ^ 3 + 26700 * ny ^ 2 * nz + 3713 * ny * nz ^ 2 + 25774 * nx ^ 2 + 24102 * nx * nz + 6940 * ny ^ 2 + 11730 * ny * nz nx ^ 6 + 28070 * nx ^ 5 * ny + 8290 * nx ^ 5 * nz + 2504 * nx ^ 4 * ny ^ 2 + 16322 * nx ^ 4 * nz * ny + 3905 * nx ^ 4 * nz ^ 2 + 11384 * nx ^ 3 * ny ^ 3 + 15613 * nx ^ 3 * nz * ny ^ 2 + 3266 * nz ^ 2 * ny * nx ^ 3 + 4736 * nz ^ 3 * nx ^ 3 + 10186 * ny ^ 4 * nx ^ 2 + 8870 * nz * ny ^ 3 * nx ^ 2 + 14420 * nz ^ 2 * ny ^ 2 * nx ^ 2 + 104 * nz ^ 3 * ny * nx ^ 2 + 28247 * nz ^ 4 * nx ^ 2 + 13576 * ny ^ 5 * nx + 24121 * nz * ny ^ 4 * nx + 9127 * nz ^ 2 * ny ^ 3 * nx + 14223 * nz ^ 3 * ny ^ 2 * nx + 12709 * nx * nz ^ 4 * ny + 18279 * nx * nz ^ 5 + 15657 * ny ^ 6 + 25441 * nz * ny ^ 5 + 88 * nz ^ 2 * ny ^ 4 + 10671 * nz ^ 3 * ny ^ 3 + 10234 * ny ^ 2 * nz ^ 4 + 4382 * ny * nz ^ 5 + 2302 * nx ^ 5 + 18425 * nx ^ 4 * ny + 4886 * nx ^ 4 * nz + 17256 * ny ^ 2 * nx ^ 3 + 7759 * nx ^ 3 * ny * nz + 13958 * nx ^ 3 * nz ^ 2 + 8700 * nx ^ 2 * ny ^ 3 + 11051 * nx ^ 2 * ny ^ 2 * nz + 20486 * nx ^ 2 * ny * nz ^ 2 + 27082 * nx ^ 2 * nz ^ 3 + 29286 * ny ^ 4 * nx + 28615 * nx * ny ^ 3 * nz + 10924 * nx * ny ^ 2 * nz ^ 2 + 7177 * nx * ny * nz ^ 3 + 16319 * nx * nz ^ 4 + 10088 * ny ^ 5 + 17219 * ny ^ 4 * nz + 8525 * ny ^ 3 * nz ^ 2 + 2339 * ny ^ 2 * nz ^ 3 + 19136 * ny * nz ^ 4 + 20532 * nx ^ 4 + 14650 * nx ^ 3 * 