function eqs = get_instance(a1,a2,a3)
nx=a1;
ny=a2;
nz=a3;

eqs = [nx ^ 4 + 20776 * nx ^ 3 * ny + 21325 * nx ^ 3 * nz + 17095 * nx ^ 2 * ny ^ 2 + 29379 * nx ^ 2 * ny * nz + 20630 * nx ^ 2 * nz ^ 2 + 1934 * ny ^ 3 * nx + 25791 * nx * ny ^ 2 * nz + 13367 * nx * ny * nz ^ 2 + 315 * nz ^ 3 * nx + 15096 * ny ^ 4 + 5833 * ny ^ 3 * nz + 10777 * ny ^ 2 * nz ^ 2 + 10839 * nz ^ 3 * ny + 10288 * nz ^ 4 + 12517 * nx ^ 3 + 6473 * nx ^ 2 * ny + 11974 * nx ^ 2 * nz + 12924 * nx * ny ^ 2 + 8467 * nx * ny * nz + 2628 * nx * nz ^ 2 + 2475 * ny ^ 3 + 14905 * ny ^ 2 * nz + 29300 * ny * nz ^ 2 + 3303 * nz ^ 3 + 2894 * nx ^ 2 + 13044 * nx * ny + 5541 * nx * nz + 13220 * ny ^ 2 + 9012 * ny * nz + 14525 * nz ^ 2 + 14727 * nx + 1398 * ny + 20856 * nz + 16175 nx ^ 5 + 6545 * nx ^ 4 * ny + 4823 * nx ^ 4 * nz + 9582 * ny ^ 2 * nx ^ 3 + 19946 * nz * ny * nx ^ 3 + 18375 * nx ^ 3 * nz ^ 2 + 25900 * ny ^ 3 * nx ^ 2 + 7413 * nx ^ 2 * ny ^ 2 * nz + 22981 * nx ^ 2 * ny * nz ^ 2 + 1969 * nx ^ 2 * nz ^ 3 + 9581 * ny ^ 4 * nx + 23512 * nx * ny ^ 3 * nz + 4065 * nx * ny ^ 2 * nz ^ 2 + 7381 * nx * ny * nz ^ 3 + 19355 * ny ^ 5 + 13864 * ny ^ 4 * nz + 7289 * ny ^ 3 * nz ^ 2 + 28128 * ny ^ 2 * nz ^ 3 + 23112 * nx ^ 4 + 3656 * nx ^ 3 * ny + 5990 * nx ^ 3 * nz + 10275 * nx ^ 2 * ny ^ 2 + 11410 * nx ^ 2 * ny * nz + 2193 * nx ^ 2 * nz ^ 2 + 3656 * ny ^ 3 * nx + 13804 * nx * ny ^ 2 * nz + 20962 * nx * ny * nz ^ 2 + 17260 * ny ^ 4 + 10946 * ny ^ 3 * nz + 27904 * ny ^ 2 * nz ^ 2 + 15868 * nx ^ 3 + 18192 * nx ^ 2 * ny + 23435 * nx ^ 2 * nz + 15868 * nx * ny ^ 2 + 28880 * nx * ny * nz + 18192 * ny ^ 3 + 6662 * ny ^ 2 * nz nx ^ 5 * ny + 9235 * nx ^ 5 * nz + 2698 * nx ^ 4 * ny ^ 2 + 9189 * ny * nz * nx ^ 4 + 5903 * nx ^ 4 * nz ^ 2 + 462 * nx ^ 3 * ny ^ 3 + 6499 * ny ^ 2 * nz * nx ^ 3 + 23385 * ny * nz ^ 2 * nx ^ 3 + 15411 * nz ^ 3 * nx ^ 3 + 16937 * nx ^ 2 * ny ^ 4 + 14139 * ny ^ 3 * nz * nx ^ 2 + 8769 * nz ^ 2 * ny ^ 2 * nx ^ 2 + 7758 * nz ^ 3 * ny * nx ^ 2 + 7683 * nz ^ 4 * nx ^ 2 + 10542 * nx * ny ^ 5 + 11104 * ny ^ 4 * nz * nx + 23163 * nz ^ 2 * ny ^ 3 * nx + 24983 * nz ^ 3 * ny ^ 2 * nx + 10437 * nz ^ 4 * ny * nx + 870 * nz ^ 5 * nx + 15232 * ny ^ 6 + 12321 * ny ^ 5 * nz + 20848 * nz ^ 2 * ny ^ 4 + 28432 * nz ^ 3 * ny ^ 3 + 9513 * nz ^ 4 * ny ^ 2 + 13828 * nz ^ 5 * ny + 27419 * nx ^ 4 * ny + 23202 * nx ^ 4 * nz + 8403 * ny ^ 2 * nx ^ 3 + 10856 * nz * ny * nx ^ 3 + 5265 * nx ^ 3 * nz ^ 2 + 10553 * ny ^ 3 * nx ^ 2 + 4048 * nx ^ 2 * ny ^ 2 * nz + 27393 * nx ^ 2 * ny * nz ^ 2 + 27935 * nx ^ 2 * nz ^ 3 + 15621 * ny ^ 4 * nx + 27209 * nx * ny ^ 3 * nz + 11428 * nx * ny ^ 2 * nz ^ 2 + 18153 * nx * ny * nz ^ 3 + 16908 * nx * nz ^ 4 + 12945 * ny ^ 5 + 16148 * ny ^ 4 * nz + 8041 * ny ^ 3 * nz ^ 2 + 15665 * ny ^ 2 * nz ^ 3 + 24240 * ny * nz ^ 4 + 453 * nx ^ 3 * ny + 28785 * nx ^ 3 * nz + 9527 * nx ^ 2 * ny ^ 2 + 20930 * nx ^ 2 * ny * nz + 25972 * nx ^ 2 * nz ^ 2 + 7035 * ny ^ 3 * nx + 8875 * nx * ny ^ 2 * nz + 958 * nx * ny * nz ^ 2 + 16568 * nz ^ 3 * nx + 16710 * ny ^ 4 + 5382 * ny ^ 3 * nz + 8506 * ny ^ 2 * nz ^ 2 + 5389 * nz ^ 3 * ny + 22195 * nx ^ 2 * ny + 4028 * nx ^ 2 * nz + 17056 * nx * ny ^ 2 + 12252 * nx * ny * nz + 19437 * nx * nz ^ 2 + 16569 * ny ^ 3 + 22820 * ny ^ 2 * nz + 25576 * ny * nz ^ 2 + 1621 * nx * ny + 2751 * nx * nz + 13049 * ny ^ 2 + 22451 * ny * nz nx ^ 5 * ny + 9235 * nx ^ 5 * nz + 20091 * nx ^ 4 * ny ^ 2 + 25400 * ny * nz * nx ^ 4 + 10164 * nx ^ 4 * nz ^ 2 + 29789 * nx ^ 3 * ny ^ 3 + 7584 * ny ^ 2 * nz * nx ^ 3 + 4610 * ny * nz ^ 2 * nx ^ 3 + 25748 * nz ^ 3 * nx ^ 3 + 13816 * nx ^ 2 * ny ^ 4 + 6174 * ny ^ 3 * nz * nx ^ 2 + 23631 * nz ^ 2 * ny ^ 2 * nx ^ 2 + 25521 * nz ^ 3 * ny * nx ^ 2 + 5009 * nz ^ 4 * nx ^ 2 + 16256 * nx * ny ^ 5 + 7628 * ny ^ 4 * nz * nx + 2044 * nz ^ 2 * ny ^ 3 * nx + 22892 * nz ^ 3 * ny ^ 2 * nx + 16400 * nz ^ 4 * ny * nx + 5733 * nz ^ 5 * nx + 27139 * ny ^ 6 + 11420 * ny ^ 5 * nz + 14717 * nz ^ 2 * ny ^ 4 + 24646 * nz ^ 3 * ny ^ 3 + 12240 * nz ^ 4 * ny ^ 2 + 1872 * nz ^ 5 * ny + 8204 * nx ^ 4 * ny + 24589 * nx ^ 4 * nz + 6083 * ny ^ 2 * nx ^ 3 + 15014 * nz * ny * nx ^ 3 + 16170 * nx ^ 3 * nz ^ 2 + 27718 * ny ^ 3 * nx ^ 2 + 3490 * nx ^ 2 * ny ^ 2 * nz + 27602 * nx ^ 2 * ny * nz ^ 2 + 24527 * nx ^ 2 * nz ^ 3 + 8082 * ny ^ 4 * nx + 30079 * nx * ny ^ 3 * nz + 11757 * nx * ny ^ 2 * nz ^ 2 + 22160 * nx * ny * nz ^ 3 + 15674 * nx * nz ^ 4 + 15290 * ny ^ 5 + 26513 * ny ^ 4 * nz + 2827 * ny ^ 3 * nz ^ 2 + 9087 * ny ^ 2 * nz ^ 3 + 24106 * ny * nz ^ 4 + 1745 * nx ^ 3 * ny + 24782 * nx ^ 3 * nz + 12211 * nx ^ 2 * ny ^ 2 + 28655 * nx ^ 2 * ny * nz + 10060 * nx ^ 2 * nz ^ 2 + 23575 * ny ^ 3 * nx + 5410 * nx * ny ^ 2 * nz + 12505 * nx * ny * nz ^ 2 + 16420 * nz ^ 3 * nx + 13600 * ny ^ 4 + 6403 * ny ^ 3 * nz + 22436 * ny ^ 2 * nz ^ 2 + 14468 * nz ^ 3 * ny + 7722 * nx ^ 2 * ny + 24137 * nx ^ 2 * nz + 25293 * nx * ny ^ 2 + 29769 * nx * ny * nz + 5066 * nx * nz ^ 2 + 26810 * ny ^ 3 + 16101 * ny ^ 2 * nz + 27636 * ny * nz ^ 2 + 22002 * nx * ny + 6797 * nx * nz + 25154 * ny ^ 2 + 18774 * ny * nz nx ^ 6 + 1464 * nx ^ 5 * ny + 18677 * nx ^ 5 * nz + 6442 * nx ^ 4 * ny ^ 2 + 26249 * ny * nz * nx ^ 4 + 7405 * nx ^ 4 * nz ^ 2 + 21972 * nx ^ 3 * ny ^ 3 + 23780 * ny ^ 2 * nz * nx ^ 3 + 11569 * ny * nz ^ 2 * nx ^ 3 + 13220 * nz ^ 3 * nx ^ 3 + 27043 * nx ^ 2 * ny ^ 4 + 20805 * ny ^ 3 * nz * nx ^ 2 + 13626 * nz ^ 2 * ny ^ 2 * nx ^ 2 + 9041 * nz ^ 3 * ny * nx ^ 2 + 12225 * nz ^ 4 * nx ^ 2 + 29364 * nx * ny ^ 5 + 24118 * ny ^ 4 * nz * nx + 12279 * nz ^ 2 * ny ^ 3 * nx + 8737 * nz ^ 3 * ny ^ 2 * nx + 8615 * nz ^ 4 * ny * nx + 13553 * nz ^ 5 * nx + 8514 * ny ^ 6 + 176 * ny ^ 5 * nz + 29611 * nz ^ 2 * ny ^ 4 + 16381 * nz ^ 3 * ny ^ 3 + 7564 * nz ^ 4 * ny ^ 2 + 2729 * nz ^ 5 * ny + 21983 * nx ^ 5 + 14524 * nx ^ 4 * ny + 15455 * nx ^ 4 * nz + 17492 * ny ^ 2 * nx ^ 3 + 6642 * nz * ny * nx ^ 3 + 1351 * nx ^ 3 * nz ^ 2 + 1348 * ny ^ 3 * nx ^ 2 + 27143 * nx ^ 2 * ny ^ 2 * nz + 21429 * nx ^ 2 * ny * nz ^ 2 + 26764 * nx ^ 2 * nz ^ 3 + 15455 * ny ^ 4 * nx + 15499 * nx * ny ^ 3 * nz + 4081 * nx * ny ^ 2 * nz ^ 2 + 24114 * nx * ny * nz ^ 3 + 20222 * nx * nz ^ 4 + 25391 * ny ^ 5 + 2582 * ny ^ 4 * nz + 13391 * ny ^ 3 * nz ^ 2 + 25934 * ny ^ 2 * nz ^ 3 + 19253 * ny * nz ^ 4 + 408 * nx ^ 4 + 1278 * nx ^ 3 * ny + 2228 * nx ^ 3 * nz + 5113 * nx ^ 2 * ny ^ 2 + 23929 * nx ^ 2 * ny * nz + 4330 * nx ^ 2 * nz ^ 2 + 1769 * ny ^ 3 * nx + 19356 * nx * ny ^ 2 * nz + 7303 * nx * ny * nz ^ 2 + 24139 * nz ^ 3 * nx + 3227 * ny ^ 4 + 23785 * ny ^ 3 * nz + 15625 * ny ^ 2 * nz ^ 2 + 21153 * nz ^ 3 * ny + 23945 * nx ^ 3 + 6515 * nx ^ 2 * ny + 6837 * nx ^ 2 * nz + 5836 * nx * ny ^ 2 + 22484 * nx * ny * nz + 14443 * nx * nz ^ 2 + 7988 * ny ^ 3 + 28713 * ny ^ 2 * nz + 5368 * ny * nz ^ 2 + 13013 * nx ^ 2 + 8817 * nx * ny + 10485 * nx * nz + 2385 * ny ^ 2 + 1737 * ny * nz nx ^ 6 + 2698 * nx ^ 5 * ny + 14184 * nx ^ 5 * nz + 462 * nx ^ 4 * ny ^ 2 + 5317 * ny * nz * nx ^ 4 + 12243 * nx ^ 4 * nz ^ 2 + 16937 * nx ^ 3 * ny ^ 3 + 2766 * ny ^ 2 * nz * nx ^ 3 + 25617 * ny * nz ^ 2 * nx ^ 3 + 12884 * nz ^ 3 * nx ^ 3 + 10542 * nx ^ 2 * ny ^ 4 + 29585 * ny ^ 3 * nz * nx ^ 2 + 14262 * nz ^ 2 * ny ^ 2 * nx ^ 2 + 22144 * nz ^ 3 * ny * nx ^ 2 + 14121 * nz ^ 4 * nx ^ 2 + 15232 * nx * ny ^ 5 + 11717 * ny ^ 4 * nz * nx + 23269 * nz ^ 2 * ny ^ 3 * nx + 24643 * nz ^ 3 * ny ^ 2 * nx + 27522 * nz ^ 4 * ny * nx + 16269 * nz ^ 5 * nx + 27710 * ny ^ 5 * nz + 16551 * nz ^ 2 * ny ^ 4 + 10057 * nz ^ 3 * ny ^ 3 + 1288 * nz ^ 4 * ny ^ 2 + 23966 * nz ^ 5 * ny + 27419 * nx ^ 5 + 8403 * nx ^ 4 * ny + 19706 * nx ^ 4 * nz + 10553 * ny ^ 2 * nx ^ 3 + 26953 * nz * ny * nx ^ 3 + 18202 * nx ^ 3 * nz ^ 2 + 15621 * ny ^ 3 * nx ^ 2 + 25880 * nx ^ 2 * ny ^ 2 * nz + 19984 * nx ^ 2 * ny * nz ^ 2 + 12380 * nx ^ 2 * nz ^ 3 + 12945 * ny ^ 4 * nx + 12475 * nx * ny ^ 3 * nz + 18948 * nx * ny ^ 2 * nz ^ 2 + 15636 * nx * ny * nz ^ 3 + 5857 * nx * nz ^ 4 + 23645 * ny ^ 4 * nz + 24688 * ny ^ 3 * nz ^ 2 + 22157 * ny ^ 2 * nz ^ 3 + 14607 * ny * nz ^ 4 + 453 * nx ^ 4 + 9527 * nx ^ 3 * ny + 19920 * nx ^ 3 * nz + 7035 * nx ^ 2 * ny ^ 2 + 15489 * nx ^ 2 * ny * nz + 10478 * nx ^ 2 * nz ^ 2 + 