hiddenvarnumber = 2;
c1 = data(1);c2 = data(2);c3 = data(3);c4 = data(4);c5 = data(5);c6 = data(6);c7 = data(7);c8 = data(8);c9 = data(9);c10 = data(10);c11 = data(11);c12 = data(12);c13 = data(13);c14 = data(14);c15 = data(15);c16 = data(16);c17 = data(17);c18 = data(18);c19 = data(19);c20 = data(20);c21 = data(21);c22 = data(22);c23 = data(23);c24 = data(24);c25 = data(25);c26 = data(26);c27 = data(27);
t1 = 87715347552;
t2 = 14938329056064;
t3 = 4744048193968;
t4 = -5880271976848;
t5 = 19756922856560;
t6 = 61661288583860;
t7 = 10864326208140;
t8 = 34451975503404;
t9 = 20153654622988;
t10 = 65798296196;
t11 = -5638395584656;
t12 = 36307373807892;
t13 = 102480205865464;
t14 = 89588105213389;
t15 = 94703323913612;
t16 = 111105267278480;
t17 = 12089460863280;
t18 = 30384622585140;
t19 = 14234190719880;
t20 = 2885699269510;
t21 = 114523780343740;
t22 = 201326587578554;
t23 = 69862462190778;
t24 = 91950870340299;
t25 = 22323090103180;
t26 = 2809642614825;
t27 = 100731028653620;
t28 = 86807415350062;
t29 = 8986141681657;
t30 = 25488405991497;
t31 = 21027467916;
t32 = 3616472350140;
t33 = 7194676087072;
t34 = 5461145276648;
t35 = 6116240694097;
t36 = 50913127997698;
t37 = 2664422120844;
t38 = 64720949756014;
t39 = 19466383161218;
t40 = 19812154735734;
t41 = 19635706653628;
t42 = 49313433561054;
t43 = 102981533310102;
t44 = 53895495324873;
t45 = 74209748976497;
t46 = 131718226311552;
t47 = 10331974251825;
t48 = 19106373546274;
t49 = 63376389670322;
t50 = 24438814280810;
t51 = 97311678465646;
t52 = 120166974311380;
t53 = 69263454064195;
t54 = 38382571115989;
t55 = 70435810370340;
t56 = 9464699312475;
t57 = 50871674230775;
t58 = 21757811846020;
t59 = 28205850709577;
t60 = 5214814313103;
t61 = 225439200;
t62 = 76778085636;
t63 = 6560182874296;
t64 = 3927193728164;
t65 = 3501231329204;
t66 = 34790448511039;
t67 = 55599068196;
t68 = 54175975600556;
t69 = 9528367786836;
t70 = 16213918134226;
t71 = 13158253419544;
t72 = 50801301734268;
t73 = 102887903355354;
t74 = 21057306790169;
t75 = 68533391656344;
t76 = 82831642305128;
t77 = 3459766269780;
t78 = 14037226567683;
t79 = 45207922219746;
t80 = 12859491147765;
t81 = 91650867119210;
t82 = 107643990919232;
t83 = 27436037044578;
t84 = 24721435405087;
t85 = 40167058030733;
t86 = 3903431958225;
t87 = 41113253922108;
t88 = 9485388047683;
t89 = 11891991091227;
t90 = 1503229421671;
t91 = 160834985640;
t92 = 27460554217608;
t93 = 20566404810568;
t94 = -4896084463288;
t95 = 43726286289026;
t96 = 113332911538890;
t97 = 19806132350304;
t98 = 74142230319992;
t99 = 25942242733556;
t100 = 7443871795352;
t101 = -15697740859788;
t102 = 44869281704760;
t103 = 118166898502812;
t104 = 98861693752834;
t105 = 114535218810194;
t106 = 106596006481454;
t107 = 8000695672890;
t108 = 40780833154942;
t109 = 1793431871582;
t110 = -16448511601700;
t111 = 94071335412518;
t112 = 181317453873826;
t113 = 27293355915480;
t114 = 102107661872108;
t115 = -21928914829354;
t116 = -5535649891050;
t117 = 62416501079394;
t118 = 77304355428940;
t119 = -15456811492514;
t120 = 17235111285586;
t121 = 38590409340;
t122 = 6659148942480;
t123 = 16920853239080;
t124 = 4386906510300;
t125 = 16189462804451;
t126 = 43282152114377;
t127 = 4866044553504;
t128 = 59189839143442;
t129 = 34257939890050;
t130 = 23017318692908;
t131 = 10054757755704;
t132 = 26485707546498;
t133 = 62486077325476;
t134 = 38577516919211;
t135 = 50906496442753;
t136 = 117291707695196;
t137 = 15892860096615;
t138 = 12486411831125;
t139 = 66516400909106;
t140 = 4028707610735;
t141 = 65882330580202;
t142 = 114762595557804;
t143 = 65509138598435;
t144 = 45218848732397;
t145 = 65877862469979;
t146 = -681774447675;
t147 = 64735414402095;
t148 = 52176785285839;
t149 = 19553983030319;
t150 = 17396874729851;
t151 = 411918696;
t152 = 140220631404;
t153 = 11963881134032;
t154 = 5240081060252;
t155 = 6161210588722;
t156 = 22145495695213;
t157 = 101120820444;
t158 = 49228842148756;
t159 = 17234231785284;
t160 = 23872283386270;
t161 = 7699839366256;
t162 = 17185088865768;
t163 = 52711010461022;
t164 = 2317080878645;
t165 = 51842283361710;
t166 = 68651572934222;
t167 = 6206533158870;
t168 = 15068998320731;
t169 = 56716862955970;
t170 = 2923446364035;
t171 = 49633480815506;
t172 = 108528787093252;
t173 = 28459071396024;
t174 = 48460196803941;
t175 = 47699094985635;
t176 = 69119039025;
t177 = 59382498775214;
t178 = 51266743006115;
t179 = 13579298036793;
t180 = 16590587317541;
t181 = 391121136;
t182 = 133192811808;
t183 = 11377457322096;
t184 = 6473607977088;
t185 = -5524153831140;
t186 = 34339917686472;
t187 = 96239620260;
t188 = 75449798189416;
t189 = 16453079147880;
t190 = 28581371942456;
t191 = 15956633818100;
t192 = 12287357537580;
t193 = 88897195832208;
t194 = 35218697666177;
t195 = 114528849084192;
t196 = 144295534311604;
t197 = 5948237997000;
t198 = 37690929224304;
t199 = 77298423615806;
t200 = 12917831916900;
t201 = 89963752879224;
t202 = 232533515701566;
t203 = 65920375899624;
t204 = 112072059225955;
t205 = 67799602886994;
t206 = 3445189471125;
t207 = 112319673702914;
t208 = 105736072088470;
t209 = 19266371829405;
t210 = 30953825773795;
t211 = 94636836;
t212 = 32532635016;
t213 = 2856581586084;
t214 = 10376488976880;
t215 = -1158234970515;
t216 = 34313910568160;
t217 = 23659424460;
t218 = 44815956118970;
t219 = 4182690886020;
t220 = 20861655669388;
t221 = 27361371632320;
t222 = 44285284728774;
t223 = 90066768687306;
t224 = 25045557382564;
t225 = 34688578388697;
t226 = 80604258902596;
t227 = 1530815783625;
t228 = -7668732723780;
t229 = 63556033102678;
t230 = 23283076814700;
t231 = 91634457779568;
t232 = 68820640007482;
t233 = 39567166713651;
t234 = -24587651791800;
t235 = 72720908579094;
t236 = 6452704750500;
t237 = 34629879486319;
t238 = -21803895499092;
t239 = 26853232288860;
t240 = -4009057099330;
t241 = 2000376;
t242 = 1020096504;
t243 = 173400213672;
t244 = 9825094646632;
t245 = 191179917558;
t246 = 32724464382314;
t247 = 736567020;
t248 = 38686846253604;
t249 = 250409403720;
t250 = 19588658506292;
t251 = 21282811939980;
t252 = 49687378467000;
t253 = 101667420345656;
t254 = 23655310349253;
t255 = 42337718622888;
t256 = 60431653191420;
t257 = 90404833050;
t258 = -7938975380658;
t259 = 55120871198978;
t260 = 15367386621150;
t261 = 114650774471894;
t262 = 98278133938992;
t263 = 23502534213582;
t264 = -12281901571361;
t265 = 55329453003406;
t266 = 3698705669625;
t267 = 52531161969054;
t268 = -2383823296538;
t269 = 18587120393955;
t270 = 5374227210295;
t271 = 778498410324;
t272 = -4593043136402;
t273 = -3599675434182;
t274 = 2104938089864;
t275 = -4825615611386;
t276 = -6874569680983;
t277 = 3921769659759;
t278 = 986700883130;
t279 = 6844098659954;
t280 = 4198789136085;
M = zeros(11,31);
M(1,1) = t1;
M(1,2) = t2;
M(1,3) = t3;
M(1,4) = t4;
M(1,5) = t5;
M(1,6) = t6;
M(1,7) = t8;
M(1,8) = t10;
M(1,9) = t7;
M(1,10) = t9;
M(1,11) = t11;
M(1,12) = t12;
M(1,13) = t13;
M(1,14) = t15;
M(1,15) = t18;
M(1,16) = t14;
M(1,17) = t16;
M(1,18) = t19;
M(1,19) = t17;
M(1,20) = t20;
M(1,21) = t21;
M(1,22) = t22;
M(1,23) = t24;
M(1,24) = t23;
M(1,25) = t25;
M(1,26) = t26;
M(1,27) = t27;
M(1,28) = t28;
M(1,29) = t29;
M(1,31) = t30;
M(2,1) = t31;
M(2,2) = t32;
M(2,3) = t33;
M(2,4) = t34;
M(2,5) = t35;
M(2,6) = t36;
M(2,7) = t38;
M(2,8) = t40;
M(2,9) = t37;
M(2,10) = t39;
M(2,11) = t41;
M(2,12) = t42;
M(2,13) = t43;
M(2,14) = t45;
M(2,15) = t48;
M(2,16) = t44;
M(2,17) = t46;
M(2,18) = t49;
M(2,19) = t47;
M(2,20) = t50;
M(2,21) = t51;
M(2,22) = t52;
M(2,23) = t54;
M(2,24) = t53;
M(2,25) = t55;
M(2,26) = t56;
M(2,27) = t57;
M(2,28) = t58;
M(2,29) = t59;
M(2,31) = t60;
M(3,1) = t61;
M(3,2) = t62;
M(3,3) = t63;
M(3,4) = t64;
M(3,5) = t65;
M(3,6) = t66;
M(3,7) = t68;
M(3,8) = t70;
M(3,9) = t67;
M(3,10) = t69;
M(3,11) = t71;
M(3,12) = t72;
M(3,13) = t73;
M(3,14) = t75;
M(3,15) = t78;
M(3,16) = t74;
M(3,17) = t76;
M(3,18) = t79;
M(3,19) = t77;
M(3,20) = t80;
M(3,21) = t81;
M(3,22) = t82;
M(3,23) = t84;
M(3,24) = t83;
M(3,25) = t85;
M(3,26) = t86;
M(3,27) = t87;
M(3,28) = t88;
M(3,29) = t89;
M(3,31) = t90;
M(4,1) = t91;
M(4,2) = t92;
